7:123144,71373,117482,50683,15204,40096,101150,19305,86632,79711
18:118142,10286,45206,104265,106972,30476,121220,122148,25236,86269
19:38244,72996,6917,45686,17391,104421,60684,45418,114659,98698
36:38347,65829,90231,73649,3589,61617,107740,11669,121424,65047
37:45028,85560,71081,72457,80403,35428,28543,44816,109724,17573
41:55274,61443,110448,65114,106977,47525,113413,45562,68866,50678
42:64828,44800,86228,53629,21461,89453,33259,41272,69771,11882
43:89882,15018,77222,104591,63220,109014,107589,28721,59928,20624
44:53064,46043,61096,121257,100006,14,9674,107942,40900,111690
45:19275,34965,8218,27598,46289,43279,22800,71465,45473,51228
46:47719,32549,9305,50855,122390,19471,25501,108232,10459,46007
59:91672,71643,97971,61887,66523,70848,94769,86834,92542,39775
60:22652,24978,60442,33029,123066,103320,59201,44149,74857,122053
69:23237,100792,100759,40646,60557,114082,75044,64295,18680,67689
70:78128,77275,118250,122354,38657,113037,42838,60312,64971,105272
94:82195,109014,80030,58403,12742,97623,70098,81763,49752,112662
106:101206,102309,20462,25451,39613,76472,97950,108469,34220,101176
115:13997,84040,39866,107594,102196,26745,985,13350,84987,35352
116:4904,87953,7933,77071,10886,34222,6842,95652,112284,48257
142:15119,40419,35697,81001,120479,18921,58807,109094,108665,59873
143:21265,103483,94748,90093,59005,72166,122336,33776,70772,51890
148:92883,81616,38417,115233,60568,72009,28473,2824,61596,91648
150:48128,19676,76776,33908,44749,12761,22439,42908,55002,92093
156:107364,112337,90218,35439,9472,70764,33774,113509,102634,39394
161:63551,40459,60442,60930,70829,45660,65497,50307,123182,28487
171:56525,120835,26462,83825,97154,40100,28564,32379,81681,18094
172:19055,15272,103121,2773,119010,78180,18189,87767,55960,93980
174:92152,18213,81310,52680,83161,44475,92442,16925,119912,37932
177:32906,62738,16530,57914,60554,17560,38082,85693,108149,62085
196:28074,12622,106258,71533,104948,55803,53593,50444,110814,85647
202:89794,13705,12979,101689,62352,34833,107538,40985,13450,63741
211:49666,69782,98723,87070,46188,21520,117823,70459,35808,178
217:104557,103060,108552,57017,35777,96609,100026,109686,80248,66763
220:40525,36529,78516,54696,43579,90934,83581,35531,55110,26816
223:82778,70316,18953,28459,28548,11528,94130,109847,120495,60365
224:856,108524,14045,91060,28515,116649,47960,73673,104177,67518
225:69841,34304,67944,75900,37606,107943,76686,18043,24676,108940
228:12521,65649,37667,10345,93526,20320,15427,53051,16132,108890
229:77235,46413,6113,10845,48043,57910,106645,68451,57016,81524
231:42333,107160,80225,7710,112539,75056,35127,9664,6004,97613
232:41353,16599,1671,29909,25874,122538,75942,33883,64189,108771
238:96829,98656,6913,111107,37607,118021,43622,59487,106680,88667
241:64021,5281,80108,89041,80781,16528,119179,38420,109791,103133
245:58789,80065,97538,4083,122332,87119,32414,15619,6015,112831
249:97216,25499,52386,1254,15595,59421,117350,85246,5388,53252
250:28837,101795,78029,82402,110071,79973,63595,63640,78977,83308
253:57202,5350,75959,51697,78182,20245,12224,4442,6265,108850
257:107602,120325,25974,15292,85809,56246,10670,58331,62373,43987
272:59984,23021,33339,85689,41525,37213,44015,69121,80552,89441
273:22609,86415,57369,100941,18152,27495,89506,60287,22770,74224
288:78588,94920,107046,1976,57645,76019,45672,16068,114958,35049
290:71242,39314,81982,99048,108455,100200,115529,37704,58264,3213
291:63275,8910,112406,3008,41876,38144,85890,76744,7400,118051
292:45682,97539,29998,48048,76724,34956,88265,12082,9461,70617
294:13802,46198,105913,83010,1749,111524,38728,58361,79424,119231
328:100636,24841,25281,21203,7722,87303,58010,54306,27812,105514
331:114011,2611,94695,12987,102942,114516,116309,23900,27585,118319
345:32087,418,75028,55876,108242,84964,94183,102856,90613,59856
361:81174,105792,65574,37082,11698,94572,114302,111463,99680,88718
376:75368,117818,43053,79228,92723,25494,14812,103760,69251,79880
384:116013,35619,121250,18398,75632,94906,62428,89027,15420,114703
401:58265,49721,55782,116202,47863,113912,101591,24782,110538,25653
402:47150,119779,79257,86161,104472,12127,110763,29451,86145,43585
410:26215,43492,43413,112930,73475,113770,34659,49143,105231,49148
448:77572,72884,95044,116006,101354,7412,88521,118202,111547,114443
449:21628,104280,1721,10196,91763,105661,37144,113656,43109,79110
450:20028,40371,52412,92032,21250,90702,47389,109436,34118,119502
452:115609,75837,85997,93165,10871,703,110192,64816,54419,12892
476:118388,118213,100940,29433,56192,29438,116476,73123,18945,6098
488:39688,9509,112353,82101,109102,48706,40166,35436,83834,66037
490:90006,23362,120623,84912,79994,63822,101018,45058,61851,85006
494:107881,10767,116659,33578,18882,21982,46369,40741,100473,59235
500:42443,55944,117078,95549,87014,44778,11957,107701,40878,1686
514:9619,11397,98761,29141,75517,63085,26996,100343,13632,41992
525:9028,70174,85997,12949,81408,72311,72696,53381,71022,119735
535:9158,91051,18473,13852,47568,2211,106015,28783,81252,87451
536:107223,72244,76697,97034,86899,77918,50615,2609,65570,35298
538:13899,91618,86660,39491,16824,1433,18514,56213,92180,62219
539:42556,16138,61259,77630,21648,33253,66392,41348,68566,14226
564:21415,26632,95483,64358,90737,118070,104095,26199,87109,76368
582:120866,118660,112350,65770,66193,111884,6407,111923,32645,14135
585:86707,31252,28194,116923,29596,110027,65737,5794,28739,1795
590:53349,95399,14515,108387,109841,16,76134,25620,89057,60837
601:17194,67455,8547,81748,3403,43429,116821,100876,111895,75041
618:5107,78827,67130,7932,59498,93511,103264,58772,112672,5934
624:59391,60184,80265,39701,83729,20300,89796,20075,19491,103070
627:88629,45556,27790,82932,1374,74749,21133,83132,57523,97672
628:68100,92628,100818,88374,38646,65252,22036,80437,81387,74869
632:73282,33079,86612,94891,77241,17488,74453,79820,16953,73414
633:88158,10073,2237,29983,109222,32778,30763,4417,87253,79695
634:8850,118978,106724,103220,57096,72927,17002,12409,81693,18749
646:7146,49234,33749,32104,61696,84857,107073,82239,91101,64430
666:38688,33215,41910,94303,78176,22362,64589,18348,109585,22515
667:117059,93549,109345,75243,47197,45767,50497,2266,37927,38427
669:121009,46753,7617,51295,87336,3533,122368,58681,15821,54593
678:90670,121686,85796,53007,33632,31072,10115,90018,1263,36342
680:73641,30511,50712,121206,25904,79593,58022,92685,107120,109043
681:110987,3260,5612,75115,7867,92169,106218,96703,69549,114621
682:84678,107689,43731,17264,84685,20276,110859,83628,65538,96981
683:16055,120212,105412,7270,58358,75635,42841,91636,4968,102744
684:76108,93553,101352,1252,20428,94359,44752,99595,103404,115031
715:120463,103069,107697,77557,109553,64091,78892,34593,80742,100084
716:39462,120743,69471,18437,100718,16985,92272,111821,2688,7437
741:33182,70419,41263,85390,117977,32734,65478,13829,99148,107947
750:2819,122180,37416,30066,115234,69370,68197,33147,123326,97368
754:75043,116176,32344,66496,86676,113016,36028,120990,11735,65874
756:6513,118260,101755,52270,111197,34635,12987,7109,7743,111366
757:57313,24108,12517,10000,89651,79421,50896,43335,101879,101933
758:41232,108905,23564,28590,40572,121075,64605,34578,9285,72560
763:29927,58303,120326,74411,14721,19053,63411,24639,19332,36520
773:51947,94726,82227,112327,39174,80660,120619,41104,61827,90249
774:82008,111194,7055,68521,45572,28713,48466,44023,28397,55710
775:24962,82717,112088,117888,37491,62710,56192,59014,88314,112021
782:106719,100142,24089,28822,97817,34148,45199,78344,97500,121133
784:107059,106801,46074,27920,50111,68098,103383,71157,84412,85571
793:43999,5068,32911,60122,49985,87525,55495,94465,104395,90579
803:123051,109760,90363,54810,95126,117130,71085,4187,49395,18056
813:118369,38926,34072,79595,17779,33394,69876,33811,3408,206
815:38130,78282,606,51432,74433,29021,18578,46731,115407,80012
817:59338,93411,42245,81915,57541,36774,52489,71218,24594,30776
818:24348,6926,75558,41287,33309,109569,98082,22614,48134,23454
823:20892,80917,77149,49009,82631,102793,46806,57230,58360,28876
825:34656,96565,76521,67973,9815,32285,65992,93309,97777,35480
833:27284,5713,56050,118237,33183,77520,1368,101343,22593,114824
835:23992,91221,20613,73031,111529,75595,54904,115339,24260,102427
838:107321,80325,1991,30356,69209,119853,120642,60008,50522,41576
844:35147,34051,28167,119454,110554,19356,47592,56333,113190,6362
850:85090,95488,49615,50465,27883,85251,123259,47365,59243,79425
856:101968,17074,113032,120484,99126,69514,59744,107330,114568,49100
857:4933,20798,90903,109035,63338,35486,96697,46618,56367,76180
874:102350,116944,41163,5123,118301,120900,82921,115979,40351,92043
891:118468,29930,61658,93934,56894,24717,94771,57210,106964,10753
899:74380,60335,119328,83646,61856,83954,828,82014,101262,10787
900:52540,20973,76803,67932,12146,86267,33223,104307,8575,56521
911:95246,112834,82105,121055,101806,70321,28383,23263,97535,42145
918:119211,20444,35281,44416,67521,108398,114755,61782,56779,72666
925:121792,48154,5512,50124,68097,105843,93617,9400,87826,83494
926:108929,83975,93797,85259,73078,11996,92999,58046,75023,110525
937:119680,64928,70426,85199,57929,92788,67569,8910,105498,65763
949:76441,50993,2685,44621,8596,81042,53694,21400,75497,67786
964:32152,50840,16269,102089,110103,16970,51893,20409,60565,54966
970:29788,116188,69587,51947,92997,9746,108968,119657,28934,47757
977:110355,113455,67041,65444,62349,31130,58568,106798,37557,2140
981:20031,123322,39587,98580,32914,96980,45455,81017,84610,18806
982:46759,112961,111107,22667,76415,97315,30656,106814,101271,87750
984:4663,86848,4164,9022,30438,96194,25174,39292,120547,113971
992:87416,3461,55189,121207,118960,120328,121033,103840,42819,81491
993:42136,9906,85019,67494,50090,83722,80552,114494,31124,30453
998:53862,86976,42553,109220,119416,89358,30754,78514,110488,17214
1000:120703,117545,114202,104568,117693,101971,13053,3927,75652,37761
1007:22456,32677,63407,33673,122336,1105,120540,90762,20051,2991
1027:59230,76857,27455,86850,55513,122706,62044,90642,82325,59358
1028:1889,26338,7176,94813,78601,109195,90786,1168,40107,19747
1044:94844,88300,113679,88769,87543,67680,111216,25931,119465,80846
1045:1136,84375,62919,80851,23467,79719,88104,58722,47358,70545
1049:40851,26719,102972,24126,52709,100543,85317,102989,33511,78158
1068:724,70568,53467,90394,22993,66192,32908,114758,9008,34472
1069:38565,108000,108699,94450,12860,1808,36921,113072,96915,6518
1070:71363,38829,97503,102815,77846,48814,11472,20815,30016,66349
1082:74476,106010,115640,90643,9135,2476,9615,26478,100818,92207
1083:48644,73763,83796,81963,69086,10060,22172,102509,68854,58792
1088:43029,3076,82409,30886,97235,90565,93093,108536,100327,105405
1094:41444,4268,94020,84845,18009,83029,112951,26348,22296,31838
1116:90967,40693,31667,68994,38429,25912,30164,71204,93618,62705
1121:82275,68139,32353,31814,123023,4153,52037,43994,31590,37333
1125:29509,6477,89282,12204,72140,107531,68853,75583,54138,51203
1127:119477,45022,56725,71318,56338,106451,14438,75226,18033,52858
1132:116958,27051,26284,107866,30298,5174,115669,111174,25412,36312
1133:85756,52187,34196,29877,101390,22044,102460,14551,92220,85171
1140:98804,31414,89034,49943,1730,46285,72581,78691,68000,79012
1141:83724,15391,29752,121312,16412,69488,10433,36825,116191,64382
1148:48657,53359,86566,5750,12499,59248,52879,47866,4787,119675
1153:103982,117944,84813,43569,69357,52011,58215,70842,20974,122108
1163:116080,75232,66059,3627,7009,40137,85297,44085,50097,66853
1166:115543,86792,3994,51927,103265,54249,48736,31785,56390,111991
1172:72895,98672,522,18232,26716,55298,89807,14485,116048,84038
1192:118352,37279,18517,2635,102292,78425,17619,101085,45569,82341
1204:93181,90499,107681,74689,83702,94124,25806,100552,6631,81474
1208:54051,42629,5149,38405,32548,33106,106965,32131,88246,27484
1209:98390,119972,16384,100885,122137,34983,8062,83775,3820,116926
1234:83938,88432,117716,43627,70753,26360,67487,40042,105807,41242
1236:118553,117823,45785,80436,9318,89429,38180,111654,112689,112869
1245:37740,22081,87822,65383,84063,90320,67605,71030,92950,14129
1263:23620,56361,34588,69869,36895,107678,42001,27140,7422,52277
1267:81329,100676,71144,107737,53473,50290,110038,106327,40105,19811
1269:70519,89711,26378,47106,476,66904,10422,61311,49919,8447
1288:26338,107883,8384,76603,81925,43541,26372,50751,45427,45085
1295:75539,81054,20051,41159,50461,17748,62434,15567,79528,112932
1296:110344,35166,43186,52476,61684,98883,35384,114835,9399,51438
1302:36829,119144,117345,106226,87066,90767,60083,81946,69955,57164
1305:31576,44705,107847,63832,81927,89902,10792,84411,54201,97186
1342:61828,58626,3035,44726,95047,65619,81919,84447,9087,106864
1382:110496,122179,52495,61494,122221,104443,71408,5942,107842,66598
1389:25985,65933,109418,12427,14603,42561,63641,91060,96008,62444
1391:82230,65412,67422,90361,100582,120992,97796,64338,97561,37341
1397:27119,25646,35917,88252,110879,61361,54515,121933,20961,40484
1402:10524,78328,103407,79728,55652,38408,118735,71841,11161,32634
1405:98681,28179,20013,16307,6424,115311,51911,116241,30506,64607
1407:104844,91676,825,115236,122593,40342,38855,108906,76615,70221
1408:22048,94373,63100,4203,22115,68822,19587,108355,31339,105747
1409:24197,8629,30188,122392,12819,12882,70730,65528,8224,62049
1412:5059,113685,53446,66618,28849,115968,2421,65228,23931,59050
1413:76907,44149,3658,30631,60640,3437,50738,57552,97938,60445
1418:21031,105329,15728,88319,69970,105505,43559,45847,35676,62448
1419:25799,39206,118746,8645,23467,8980,69761,51173,85326,120572
1420:76443,98584,27041,75602,102027,51928,38552,108896,32378,29627
1427:87185,92295,111076,48851,44893,60284,36754,119387,81158,60512
1430:78931,5786,5537,13989,89232,1924,50695,65047,52677,71758
1431:1321,119035,106514,81020,77271,80875,65034,49253,107492,29445
1435:75221,14184,84148,50435,26630,82849,25590,70748,68014,57388
1437:76901,70883,33467,81298,41685,103768,59483,16294,96269,52402
1441:2905,80914,5258,8740,74877,95833,45160,24817,35724,1471
1447:105322,4501,108261,38706,50216,12244,94538,86906,117304,72099
1448:8116,68211,12005,67279,3085,24399,88169,120621,12051,51220
1457:5422,99780,62058,117012,69022,31572,12927,15120,9503,23702
1458:101626,30415,23502,55431,66305,95863,51567,62228,76090,842
1469:52673,83344,9077,97107,3805,37848,100782,54692,15292,62921
1477:24457,55326,97501,21281,60437,114492,50518,78163,4311,86297
1486:37143,9309,61104,99325,58372,36529,47083,71157,88150,65333
1490:64591,97851,84042,82873,98830,40009,53222,37292,60954,28269
1491:31087,11753,6653,39079,23746,41974,118930,99221,11292,25732
1500:77657,78615,43757,81195,81779,74883,60794,81778,100619,111468
1503:83052,121114,20147,101575,73431,118161,53736,7136,13250,19099
1517:35169,123245,52413,80860,57710,62204,25141,74738,110575,102705
1518:56300,91172,34230,22841,36195,100411,28572,60260,68176,62114
1535:87974,110954,122202,122901,120885,29860,22996,64068,40883,70137
1551:32007,36144,113808,35172,5407,45594,12676,89033,73904,76768
1552:101894,109860,13759,112544,85920,29752,23849,33932,56831,63946
1553:92728,17668,46715,84009,116073,31710,12880,61965,61206,91538
1559:37589,68074,58260,95858,106797,74337,109203,27739,58120,104725
1560:74131,5638,40759,43562,60109,63001,111705,73,60570,31344
1561:74021,53332,111838,30069,60511,89785,42185,84515,62503,74669
1562:117066,54913,109190,92821,113241,39022,87864,62438,75175,74354
1569:98281,7550,36136,55489,971,40485,87804,4631,33137,21095
1570:6662,120612,85276,24947,120548,25028,100945,19479,40418,93633
1588:98357,83112,93341,96567,85214,65239,61344,72691,5344,40350
1589:111634,34017,111578,1311,81805,46919,12057,5487,117940,96022
1591:101669,102885,90113,20891,38790,99141,30601,84261,82544,7820
1601:78322,12143,86028,2882,23077,19592,52713,64682,102988,64091
1602:3595,20864,115590,20184,13614,3639,112638,51505,91569,52576
1629:17232,14267,54091,59153,24008,68876,53235,74516,58605,50063
1634:84776,32143,29951,48409,44736,96715,105820,110253,36763,44151
1642:98672,95733,46638,95608,28596,51205,38408,98374,51103,58162
1653:93467,67316,80962,2728,9053,46228,47884,50042,14849,35663
1654:56583,117237,109200,52670,54067,105413,5377,83472,12601,76725
1655:75567,85286,59186,31511,395,12299,26963,56796,63689,41962
1668:17685,45452,55116,10210,39972,39386,88866,27221,115514,9689
1681:77071,97648,85830,68365,25694,19565,103414,105149,57256,43598
1703:73145,74642,102030,51849,74646,46079,48006,79784,41794,47403
1721:112431,74963,110288,83447,115840,624,45284,63544,51940,94876
1727:107453,96294,59144,7410,79221,81235,72215,28029,40422,121041
1728:94148,63598,37820,45547,57881,81074,93017,107838,111432,76963
1745:79102,37131,66068,72484,4345,57855,114965,27211,104051,89193
1746:62134,8366,42463,18380,107273,63423,82713,61168,23515,107737
1751:100188,85473,3822,90804,18278,33637,16977,54429,594,86047
1756:28801,1853,93161,113821,26164,30370,67396,120984,83664,58630
1758:51285,44403,72933,61656,108245,71355,40145,42922,79977,88057
1761:82809,26966,19725,101771,76321,99218,75182,95391,86357,87509
1767:116903,1279,1881,96594,54380,41190,57052,121227,41655,103753
1779:98798,30272,55903,30769,7556,34266,18901,73355,18642,62335
1780:102412,68740,876,111551,85030,67803,40426,10456,5801,6932
1783:26656,81576,113909,45688,99927,75844,42001,60820,97450,63232
1787:49906,91680,64560,121269,31435,82422,24543,65335,115936,75228
1788:92899,95249,65077,46611,46794,35873,35914,85582,55421,118678
1794:121930,115452,114975,13147,80126,45098,67350,17699,10738,80563
1796:64008,96139,104490,24882,66812,22825,62615,16452,15993,22656
1803:51398,122369,24327,48020,21927,50396,66789,48573,59369,17296
1820:44739,84201,64647,90906,70428,81672,90816,2151,117156,24523
1821:100159,4812,87372,74317,70359,107369,43804,121015,38104,61301
1822:103634,96582,28433,20370,15724,111806,72398,39157,61516,9657
1823:79094,108314,122023,102687,56946,53410,3767,33206,80342,10309
1840:81908,63550,109939,33802,103672,21196,6021,90021,78623,48837
1841:17694,116101,104899,105374,79000,112307,31855,55315,76207,62926
1842:53815,68326,83540,8227,109499,11743,63968,26302,79787,71142
1850:16480,53426,42505,36247,57216,73450,13451,97649,34976,101247
1853:31992,5167,37508,35956,98897,27172,73935,90887,58976,62936
1854:95308,77819,67880,59213,115624,71628,110912,64069,18208,97610
1862:35494,103354,5731,64966,102153,58689,39071,60034,41390,102224
1880:31195,50628,122690,68320,114775,73968,103618,113605,116914,21341
1883:99310,42629,119518,110038,2407,10064,72810,27054,70555,99085
1890:83732,10552,103517,105595,41148,122607,25603,97359,105138,7500
1891:24871,107707,16650,73297,114371,31818,71205,68495,122030,117391
1893:34300,118096,15544,21116,100470,43910,52378,64108,70781,72156
1894:118705,33349,15389,109357,113698,82775,35989,6358,8045,77366
1911:26020,25806,57543,64179,65995,30423,64197,29087,76761,48439
1912:65510,61122,27550,45932,119137,72579,84923,57063,43855,58270
1913:82444,120231,36787,109752,93405,38774,37134,9561,49056,21335
1930:7855,85415,55043,56483,62517,69685,41572,39426,112616,95856
1932:26091,49273,78261,9823,116793,1349,75441,19052,71062,78823
1950:96217,52317,29587,73331,57622,115820,119156,2601,7728,38452
1951:65343,88978,91850,27405,21162,101319,10661,25993,84553,102934
1952:10213,50491,59434,120193,97826,66,12459,42856,14397,61025
2005:49141,65349,18121,103320,7322,82073,109711,114152,69991,104921
2017:26514,37002,62111,34029,83952,86070,90848,19052,66273,17788
2025:122330,121504,106330,85548,6638,69910,40093,98021,32946,103325
2030:30986,38,106126,74098,14571,3763,24944,23839,58254,1723
2034:105669,9940,61663,33743,109787,78034,48085,84531,99568,35363
2038:36600,69374,122580,47165,98838,102574,69254,6147,114352,18271
2046:102847,45933,111001,14228,6343,119302,33832,77020,94252,19567
2058:32893,34282,60208,81796,100259,90804,97665,61347,54082,116725
2068:42231,96680,75865,33282,62005,79355,65616,113889,32399,20482
2070:116982,47786,27344,51748,52089,29047,111493,44365,21191,96561
2071:20404,55252,120803,73759,117076,26233,65105,91299,101320,107211
2072:14078,116785,98783,38582,108905,96875,35908,117130,48609,30333
2074:93030,9294,1038,105131,831,4869,62339,93953,58773,37694
2075:53087,110791,46115,72977,110744,87424,91891,16095,84065,86340
2076:6785,42033,68091,32933,69684,3749,108392,105639,50072,51785
2077:122740,41206,29079,117463,75419,5264,29208,81820,58853,53686
2080:26639,30699,90016,101523,70792,30984,81069,46351,32708,55685
2085:14222,72279,14970,46152,66455,89781,112244,18671,80389,84635
2097:35440,15302,95023,33115,83578,104810,79696,592,110055,106016
2112:119433,41318,29632,8147,64770,100390,65272,54276,17364,39655
2115:105093,19263,100632,106509,3873,100104,54974,91728,5875,13293
2116:64505,63185,56654,8705,101347,81379,26628,55232,100622,292
2123:32583,33543,77340,11423,1685,61810,64306,111432,60843,110232
2135:102928,120416,114138,50723,15296,62140,20898,7499,51160,14118
2141:110514,57107,92265,17063,112410,35621,92743,84144,41113,64222
2147:44390,103048,105725,34209,127,2348,116919,100139,64360,6275
2154:76883,92066,67301,69088,65104,26198,1591,107132,4036,345
2160:19002,97162,54494,23485,27304,51182,20721,89928,87847,12599
2162:54499,88824,90716,34894,68103,1617,43530,65605,85501,48263
2170:30808,69043,115809,32036,61092,107324,100462,43999,121726,84849
2177:91574,952,74355,86766,107952,113654,54996,58564,64165,120931
2184:121474,7539,57621,30801,6125,52733,46976,62649,34892,54406
2185:31190,43574,106553,99147,22554,81674,28395,81407,61831,92427
2187:6520,81578,48107,19058,7555,71228,122620,5437,35727,87541
2211:19966,113895,68689,66970,76348,30585,56399,102205,18833,18882
2223:96717,66961,8530,57689,48567,2075,29928,102167,116529,7757
2243:47015,112417,5068,8962,55407,64925,28400,80105,89040,41911
2244:2755,84505,37916,44788,42045,22211,68591,101258,14235,14570
2247:107956,22871,14018,25713,59300,66694,102491,109266,20181,116923
2250:72373,27178,6874,35840,4120,118441,70134,27744,61894,26301
2253:34804,121173,103954,55386,114346,86210,120699,16818,54486,74664
2260:63984,22907,48536,93551,81832,116458,105448,35390,16412,93336
2261:41010,52676,92057,113166,13991,61260,98625,112777,10979,15913
2262:122085,8458,92373,69750,44730,409,26504,93175,102237,108549
2290:24167,62418,50142,119696,81908,78320,12143,66666,85140,67534
2291:6605,39623,74989,40484,105547,108871,61277,108589,33972,49703
2293:19751,72106,73063,101296,67675,76212,59113,10226,83173,57658
2301:107532,54804,13623,4580,33549,96238,121053,26504,120831,44112
2302:46657,52093,41829,63726,111082,30617,118749,18344,65365,4612
2304:50382,90423,58496,63974,13522,33028,53760,70796,109129,76649
2318:105432,102952,97110,53090,39328,45985,113218,30912,98423,2770
2325:118133,85588,46621,13230,35336,10445,45776,102201,90384,44179
2335:39878,71409,79117,32098,77085,60956,95586,5407,60774,14860
2343:96497,16812,24920,98790,103725,30102,1362,37414,77745,120841
2346:48721,44356,57051,95262,48342,87089,16637,117504,1866,34779
2347:58677,76125,45670,13169,97671,116275,1215,114512,63251,45271
2348:60991,60840,115817,55329,91872,87548,6728,1152,66623,28357
2362:107644,114179,49671,10629,28068,60676,117068,32779,90843,20647
2363:3721,114073,104629,83309,97765,51269,675,60323,50496,94236
2364:72399,5983,31892,32493,94872,11253,117900,121729,11040,121222
2369:72665,118327,96096,15744,5269,71076,71946,15822,105841,75466
2373:122162,77723,62491,114958,56597,98048,118733,78970,113041,108432
2381:18978,70257,65244,52875,25917,82936,105935,111837,39140,42986
2382:72156,23210,113150,113076,99171,59911,94467,102921,113348,19924
2384:46318,51607,102043,48036,26549,89597,33725,65200,66107,94602
2385:859,122813,32358,86059,88975,7094,118649,101213,36072,120079
2392:44561,99531,91108,40971,8116,13438,8202,83264,16426,65932
2393:21354,4397,106399,114054,61772,2411,100763,81668,41565,1534
2394:1562,102043,6398,9620,86017,27434,29206,46015,8989,39846
2395:20347,33973,44992,58439,3594,15406,113628,23916,67901,45458
2399:103203,69220,122798,115831,97315,44976,60158,17752,60171,99261
2405:25122,69050,61918,7388,43451,9320,66758,8680,15719,85065
2407:122414,44691,99914,85049,31268,115326,120735,7813,79923,287
2408:4531,67644,20955,11272,106564,107473,5919,43395,109942,49887
2419:118318,35419,42689,84365,71862,93752,108733,4620,65658,102293
2429:26963,21887,25273,81098,65155,44120,15542,83015,18380,20771
2447:93714,20561,11836,101744,114292,2826,44796,74930,96965,107165
2452:82944,54635,74156,123245,83535,89572,122032,24028,47080,43589
2453:53631,31797,66266,27820,75839,69814,33015,115315,68266,116315
2454:89066,80238,69252,64667,82353,76090,82549,12659,45987,47351
2456:12785,93598,69732,18366,75814,38598,85268,6092,72001,14198
2461:41598,105183,103744,15959,104219,70942,107320,105224,35891,49629
2464:35418,15186,27355,2432,17479,105286,86645,85486,16450,44132
2465:71880,15105,78504,41723,25086,17277,30905,25842,70938,109757
2469:91039,32421,38263,64913,83999,115529,8380,18796,83307,98534
2489:12529,113333,36010,65086,68282,14606,113433,21521,6074,47386
2491:40831,94422,122839,42552,57320,1914,66730,3666,37610,16683
2499:21890,72843,51260,42090,4169,51333,52562,107382,60074,38901
2500:49502,52973,73057,3705,3767,11499,117494,74537,68961,122286
2501:60722,118583,77343,11295,50164,33963,49759,7265,16500,110895
2505:84051,2828,85575,65642,94396,57858,52013,79803,11396,92531
2510:25966,90920,42418,107343,45600,45646,17413,26764,111627,104952
2515:90769,114478,95311,84275,112035,118988,8976,108669,118197,105789
2518:43847,87337,60382,32870,117440,93690,86815,61470,86487,107215
2520:4101,118817,73204,52840,55488,82570,1797,51397,83523,50401
2521:73237,1023,68983,70423,95807,9738,14832,52426,99912,110812
2524:33300,26782,58885,67203,72485,115464,99379,88807,1664,112441
2536:40279,77831,66505,67730,112652,75560,10139,28036,83241,3878
2541:82227,4228,26151,116601,23149,106768,6391,122763,43555,1810
2547:32011,95569,114246,83049,50305,30164,11290,72487,13113,50107
2553:120854,92014,61380,70789,44948,68382,39278,84253,27195,3624
2558:14399,46402,112808,44632,38822,1653,25149,82211,27528,48705
2560:19457,37446,75215,100994,23811,112531,68711,25686,70371,118760
2563:59098,44392,50786,21990,113796,102040,72797,110835,93342,46257
2573:76515,111464,33555,67665,49507,31036,28513,86791,48948,123007
2591:71933,71253,72295,38169,89392,12463,76633,118948,108095,34714
2596:7331,39292,90387,7510,64532,62255,116912,12484,17019,115661
2597:5618,9472,95623,83642,68140,47161,31469,114414,66467,50394
2601:39888,30299,74512,47157,29014,32878,15653,108177,53623,64581
2604:85263,51991,58892,121579,119174,47892,8394,113782,110695,106845
2611:51667,734,10878,13463,72303,32558,66775,86097,5019,94085
2612:39166,111819,10563,3263,3628,75432,79366,144,51088,50890
2615:48266,25343,114685,60907,103572,53842,27309,73604,26009,4712
2625:42530,65216,101088,47634,71459,109960,77023,47520,77100,106756
2626:79145,24021,45346,17111,66561,112167,74171,48793,59365,59719
2634:8025,59404,4609,113246,22121,73139,82377,46473,65820,35278
2636:69139,38325,116948,112374,50199,9970,25543,12886,45416,12570
2639:106200,6135,42791,21190,111144,61856,77696,66985,13393,120269
2650:74560,67351,1643,92704,11270,118936,13986,109357,19941,4393
2661:21546,5620,80108,118749,74488,111108,116471,64660,106382,68543
2663:17951,26066,89047,103132,6126,62828,91088,47532,101356,23744
2666:74740,14708,34757,53457,16333,94360,32285,5415,78528,67131
2676:43167,17413,65183,83697,119456,79224,109851,42976,117503,4453
2689:67424,28269,89696,117244,51603,23929,6656,117799,114468,118457
2693:60460,5974,29663,39142,84061,63697,101897,103947,104894,116297
2708:117638,76809,86349,75492,99632,984,79771,32134,20331,97930
2709:100196,64024,84044,119576,86581,97304,78872,117279,69189,965
2713:97447,65870,80089,79688,76614,122975,9629,102692,61269,78288
2715:59857,2675,104440,34696,28345,85422,58131,40731,16445,75933
2716:61774,109143,87560,20778,76038,110683,99598,92113,2334,101369
2727:94677,109949,106804,30947,15622,84047,42596,37867,65177,8522
2730:108613,68870,63216,117556,79039,15190,114364,62479,91519,84547
2731:73163,30898,66029,4426,19812,58791,91527,25582,93234,57033
2734:105855,70786,18545,70997,64649,49930,38573,91981,74590,3198
2735:57891,49971,51665,8044,122556,82188,60671,104957,12216,58336
2737:2287,21977,69385,95588,63002,62368,80513,37089,37014,17179
2745:43165,95777,25955,3343,66413,41273,111255,107389,111565,38367
2746:25693,82503,50463,2255,29105,108340,103544,101357,1760,40676
2748:29456,22348,83235,12456,12678,110583,4297,32881,67528,16590
2756:107379,85735,19438,62998,4302,116809,117552,37459,87447,11418
2760:63141,36215,30109,100547,106645,113804,95557,33580,88860,68934
2776:44862,115204,6426,93434,96522,121244,102727,104343,72741,121426
2799:14546,83084,44202,52559,119157,79322,113804,96652,107416,109545
2802:93563,24899,52754,53489,107192,74101,110781,119683,5823,67339
2803:68563,70335,94315,48170,100939,34888,7837,41219,38384,932
2804:28629,48531,9846,34471,107108,64436,2285,48799,108146,68693
2805:80674,83743,86850,7190,62435,76986,59881,61075,26070,94483
2812:97164,18872,70489,85657,60093,68412,55423,42403,33913,63322
2815:122026,28023,20729,104587,47720,90468,89767,76097,19465,106446
2827:19991,6169,79558,58877,9054,53418,73817,102141,121400,90020
2831:4664,14088,26680,106855,96043,110249,71210,102854,70194,47936
2846:36067,108858,107944,110936,73001,86728,8380,78182,73766,45229
2848:56468,17405,60788,113920,87898,58613,73395,54850,89995,72750
2853:29665,70239,45565,63266,40670,29637,92267,69134,30929,68351
2854:118851,91663,36096,72402,66079,30690,48265,106238,63661,84181
2857:67555,69262,35631,74860,114903,80183,78300,89538,90818,96116
2858:16494,14662,2167,89824,36978,110623,66552,113421,102517,81492
2861:56762,75472,72566,85845,110395,86702,10464,67146,61748,28082
2871:52700,101988,73314,54817,58027,102769,97601,121614,50454,45758
2907:28020,18605,25209,2147,12416,121263,122988,87045,3787,67639
2912:18984,29316,85175,114690,25879,101118,68016,81617,9811,59626
2914:70952,109062,26243,85884,103312,109693,1498,118929,40753,86464
2924:104036,104539,61560,70980,43538,116582,9496,122931,122787,26746
2925:112835,100088,29949,69413,115612,118973,32761,21658,67122,98227
2947:34107,75067,44895,49032,28831,96762,61446,47319,112595,62321
2951:22815,33045,28182,7891,28203,94290,87505,26931,108434,43472
2959:94201,72412,46009,119714,18752,26853,121176,49501,43806,106596
2960:70084,107374,12817,86966,105122,39928,70636,110631,65071,105860
2963:69002,122428,35223,67838,15715,52374,35936,19374,120285,111353
2965:46415,46688,26864,9060,105751,3550,9786,46363,82161,19012
2967:85234,73133,111337,106404,116416,1553,26888,20508,112091,16923
2970:116629,98536,107716,35127,100382,39529,112590,101046,7852,106535
2977:76757,117428,67664,18812,12020,43822,73023,23598,78638,10318
2981:53113,58984,69080,46519,59362,101485,78856,74037,95475,62976
2989:69030,75606,6969,71302,47932,53605,4241,2436,92956,106321
2990:66126,114768,77922,114148,11397,51374,31592,81693,86143,12591
3002:109416,7832,25561,60098,94556,22052,58724,96190,76387,122748
3004:120265,26864,73054,31566,35479,38768,86869,30475,121654,27794
3011:30343,84355,62521,829,14206,3451,23155,82052,11665,17614
3013:5569,80549,99823,87960,89280,80665,120557,88741,9256,94138
3037:105874,87607,98675,4693,62871,77441,16305,39762,92595,25012
3038:36075,19888,97335,101851,44998,107791,53044,75528,84353,8268
3044:95141,73304,96965,53793,18106,64713,15592,91435,68615,57650
3070:57890,59667,116063,98132,13484,91667,117294,19872,118900,8803
3081:95097,87109,87189,52213,34674,59991,13752,26012,43526,93977
3100:4661,78607,107768,50186,71919,66916,15678,9413,87108,76
3102:17850,35208,20078,22116,56837,107643,122648,64380,95593,35928
3105:109995,36329,98105,2062,98752,2539,13388,23504,99007,33692
3107:3173,67047,24359,118744,97906,89887,70382,97086,114335,45587
3110:2339,65462,2112,27858,8010,28059,73174,57413,32773,13050
3111:22483,37121,16468,82514,88096,51339,39097,112831,6069,69706
3113:69627,18883,113070,45554,109755,118015,30611,12052,97535,121726
3121:63414,67507,87981,84612,7177,94082,78339,111912,25305,106978
3125:81023,11259,56955,99332,71727,79661,71987,48009,74733,10111
3126:25745,70191,49911,115333,109710,29043,101871,30619,66312,63703
3129:60976,85368,11260,82550,117335,41247,27323,78295,26291,94771
3139:102189,122568,489,80167,101968,116825,87397,52639,22840,49102
3144:72971,94782,106171,121406,94992,39816,87673,33535,94209,70398
3152:120605,43946,61445,21267,61439,110226,45005,41106,32487,8714
3166:43882,46266,62724,86410,919,20801,22701,96748,51143,66639
3167:56115,20387,73292,68009,12811,2036,74107,118223,94134,88413
3169:91614,108382,72106,104800,32021,105447,27510,87198,49634,39801
3170:91518,61617,56439,22954,12458,120674,38989,90510,116013,47531
3172:107276,61546,110032,117122,6252,22866,91341,18140,70411,93319
3176:120890,19510,22488,91022,32964,123206,17252,92739,74106,77505
3183:99128,18871,16807,68415,119281,29176,49116,101168,27556,109707
3184:41129,85364,107052,101768,39631,60039,43164,105498,27116,15195
3193:99130,19094,35613,36410,121026,64117,65016,44047,107689,69993
3195:76682,96149,70405,94633,123229,30624,47593,97184,85055,102047
3220:79907,98478,106762,114091,98397,12354,72164,89759,56190,116892
3229:19069,33499,69095,25541,14649,23057,116333,45169,21564,115347
3234:58666,104732,29862,79602,103725,51307,116032,109803,7613,23013
3237:6544,108186,38667,71736,98743,87493,118161,48864,72309,80735
3238:21606,2897,96492,8682,72013,55077,108910,116639,42182,92928
3239:43192,26626,10734,39531,36974,776,9037,107095,117365,70082
3246:119737,26564,25692,39395,96738,95673,50972,64592,102867,50786
3258:56899,11806,35574,63799,32107,31484,102950,33829,72030,30357
3263:53498,10168,98997,42817,33481,26268,88829,48489,43093,81242
3264:102586,51974,83883,16256,67862,27515,35388,25958,103271,93075
3277:27677,35470,91814,120196,96900,104791,35186,14782,95704,44642
3279:3653,111061,90668,14802,98285,15250,111859,112077,51634,30083
3295:11139,85811,90052,29691,49703,52603,48827,57649,89534,85278
3305:108946,119132,65588,25192,60233,62431,8064,48725,45812,72857
3306:25658,13973,29675,120667,102120,12703,40693,5983,18434,101107
3308:17007,99326,51755,88594,88971,17153,57865,114093,83893,52656
3309:63192,121611,28342,101358,41507,121953,13270,45428,102288,90454
3319:33347,60315,56523,98284,107295,70318,92430,68463,75693,84328
3320:43442,120882,113659,66049,57798,97583,120259,123220,2632,17724
3328:118195,87187,16743,120478,12571,33689,103262,22155,78650,52490
3329:94579,41954,71591,12915,33248,87379,106067,50934,116447,18209
3335:88577,80610,53678,33199,47015,78972,114257,59441,96322,102132
3346:14202,59398,34554,98897,13043,35212,57009,67321,88066,116263
3352:80043,25778,5694,29738,90564,41201,80492,53952,15460,28866
3353:52961,50707,17367,117436,19048,57911,42878,54629,101738,40855
3360:53142,70006,65422,64555,63535,36223,79990,7609,101553,96289
3374:30883,95833,56795,60879,106921,38363,71434,22599,50484,106119
3376:16313,13018,13931,80733,43677,79884,21968,83447,40168,115330
3383:113621,107770,16431,382,32279,114240,17350,101222,115016,86142
3386:102955,32985,97623,120583,7088,17826,57867,96961,96153,7172
3411:111472,90128,96882,9087,10173,80155,35168,54009,91205,120736
3412:78767,93018,96751,108085,76260,111812,86918,105264,34979,95365
3413:77379,26394,38262,89278,58101,8100,79410,114706,113441,859
3416:23037,113192,64265,74517,7551,13350,22742,117898,68246,79184
3419:21692,60730,70799,65504,22271,4918,105168,6620,1523,33553
3421:19240,61336,122195,39841,91314,31808,35313,53315,85545,19371
3423:75578,75181,6690,105351,8339,112902,91536,4600,99137,97994
3426:106632,99944,68404,50398,12554,102504,114231,8703,11796,65104
3428:63167,47002,30001,71819,5132,12327,74954,7024,76855,82245
3429:114027,61462,117366,80412,52417,47251,9244,74984,49069,95782
3431:34233,86434,41121,24708,78069,65598,88988,62136,119813,101331
3432:120604,41434,133,110646,98246,90772,118849,64741,110997,51480
3450:123205,109418,26912,44033,52330,26104,36755,24734,46444,62633
3453:9950,29858,28004,1668,62361,5565,99569,25079,7527,77836
3475:16418,59806,25954,86904,63151,59572,100493,95790,101109,84366
3478:75820,16292,45665,111478,14933,91840,68178,98573,86257,48852
3479:31574,5281,42735,37624,52830,12964,64797,32227,103189,21195
3480:79398,57154,68162,2035,106519,98083,4336,7590,80456,4886
3490:76281,67761,20435,31809,64391,118818,88641,38259,16832,84589
3500:88233,15314,98661,30682,4301,48480,94940,61140,10115,89731
3514:101998,46551,45457,46886,174,116906,3010,86244,7433,47751
3529:68439,95761,103770,76890,68481,106602,109686,28292,92498,99236
3546:63605,14406,15328,16488,84952,110492,77547,102142,24399,77780
3547:37881,27987,83436,81471,41274,1646,120580,29666,10965,60789
3551:35482,52204,13380,99555,86442,23435,48803,15867,77150,68020
3557:95564,29618,83472,64888,116579,99566,11576,47597,102465,97842
3572:114746,119487,24008,47279,45117,110966,93193,81156,73263,104902
3579:60915,17094,79167,47001,95180,103699,60265,52952,76462,35374
3580:118486,58357,89382,76787,100762,6272,52148,108913,12792,67908
3593:78196,40525,104457,77804,120551,118737,105466,56656,122520,98815
3599:28692,90599,104062,46284,46861,93435,24204,88835,49788,7500
3609:34026,25690,115724,111871,68780,75198,62337,50912,9357,55235
3610:26803,42098,41916,9624,8321,66965,77479,80495,45707,27767
3613:122944,7667,110827,103219,74289,122474,111986,97411,2107,117918
3628:91221,37716,46951,40258,97355,91554,66578,38528,44137,52990
3656:41004,37605,55881,56188,98661,56402,39504,88841,41558,113037
3657:87209,39396,60192,122357,23080,45958,75724,88879,25518,122500
3663:74644,42363,65883,84109,94363,41078,93752,122138,65755,104309
3674:3747,38987,80395,76324,60095,3473,63358,69687,69612,4412
3684:109940,68040,112196,36168,61054,36455,22810,19463,106918,54940
3685:74952,6565,87751,65354,104741,49287,59258,103944,18759,49766
3686:23210,116914,82800,19877,73984,88529,107285,34051,38033,117602
3692:71568,38708,80321,84641,17843,10500,21476,97242,122830,11274
3694:27418,49714,121227,41122,121614,101043,75008,17534,26994,82227
3701:12877,108771,16779,86372,106092,59670,13269,72560,93881,4726
3702:30949,6902,37537,30267,19937,50835,9999,110046,98286,12130
3717:58237,105071,114436,52481,89603,72434,27844,33073,98322,43888
3721:25792,103902,72522,18828,537,60191,98140,18794,12567,27081
3728:57180,23191,641,376,16250,111434,121976,86761,33491,81600
3735:15645,70849,14018,88871,36733,2442,34923,53669,91063,18482
3736:7244,67587,18334,91737,58831,12484,56183,109461,75943,94712
3737:110756,108713,101413,100327,63759,50075,41169,103057,117080,26828
3751:29892,6682,109814,85551,37823,32112,65703,39707,116889,53450
3752:116488,41010,55362,103716,93222,48022,83427,60407,95550,55117
3800:116108,88113,85015,18104,61435,58355,79502,36009,11336,90711
3811:28687,14596,26849,28538,57047,21741,59296,122595,105874,24409
3820:117296,106038,65275,108570,108249,119895,32891,113684,2635,62975
3840:79375,66646,25144,18394,100064,95064,34442,50399,76806,76352
3846:9523,44123,80414,116805,111029,96504,93747,77245,77551,68039
3849:104245,79368,76163,29180,88285,25659,70893,101280,97027,114963
3850:33910,52425,35851,112378,84404,55573,54694,1206,21648,41950
3857:40736,8708,50062,101076,92537,68378,82294,9008,58853,86393
3859:50334,121029,91067,70691,111205,75339,24930,82290,88326,27992
3862:36225,38195,50280,7314,49385,83775,62684,68374,115793,30805
3888:119841,2664,11840,1173,17292,90079,77745,6877,92972,68344
3911:35261,75815,86164,5636,102700,85279,108710,44071,80530,35982
3921:101973,122307,13956,68404,77475,106733,112538,86751,29859,26445
3929:102173,85401,88488,3624,97646,114944,74392,35259,39629,11249
3930:43004,25597,97349,30244,35243,81720,82206,19641,71834,40420
3934:76209,101181,108603,103675,25289,42295,66409,4733,110020,105061
3947:64054,30055,19418,89735,52831,14228,111436,29559,8139,18101
3950:104092,25871,34721,31049,78580,102021,15223,21662,48600,108629
3962:12362,120722,105881,75300,86031,86716,115242,115470,2795,91365
3974:103092,117408,44210,3938,61617,65591,74233,101829,71135,35249
3975:121887,88982,66994,77961,33153,80602,2894,109198,29659,28041
3988:7775,71649,91478,98577,111046,39747,88426,21682,75261,84424
4001:38350,37220,54771,72914,38101,91927,97071,107598,58465,36539
4006:21312,63318,3914,28582,87427,61767,100711,26275,92422,105848
4007:1444,39553,49686,87144,19568,103994,103135,27180,26981,117983
4008:29622,115041,34543,20392,13707,42242,121025,119605,43903,7961
4009:62917,24321,64363,10276,48576,98091,98099,94238,29293,28267
4028:16944,82328,43576,50449,47587,11739,71082,26364,72061,46439
4031:116828,104838,29393,81097,22810,28518,20567,27931,52712,96429
4035:34644,35737,71989,7982,14846,112918,84068,16250,18546,19771
4053:86468,22312,109234,82260,76553,109140,110159,46974,43144,11522
4064:117124,51986,91847,16174,121351,106269,46926,94413,17676,60509
4067:57957,57385,60520,72576,1020,86810,84627,74070,115985,75091
4068:34562,40701,4816,104614,85223,9211,41500,33051,118070,78957
4069:24409,63083,108755,11987,61946,89700,110140,116537,69970,107399
4075:130,5937,114437,104948,95246,70335,61722,53511,118350,41369
4076:51642,30766,828,76383,26677,80090,95211,4917,40001,91526
4084:84709,92108,39119,94949,52296,6472,34494,68090,117762,81662
4091:38635,14277,102695,2890,73059,98829,104500,1411,84389,74774
4098:121654,37320,54779,93113,33769,87327,12858,103052,32384,1231
4103:54927,3137,113948,108288,24583,11077,99287,15625,22155,65217
4104:69792,98946,100437,53578,74600,38206,51225,17974,30820,57274
4124:23175,60056,107845,106770,33480,62052,115640,48336,14889,93273
4132:874,33346,34008,79765,54164,67953,12498,37253,19043,83147
4134:56944,112020,56927,43458,69448,71782,2453,47372,80888,75868
4138:97130,66687,106709,65075,112958,9342,97181,59083,91722,17949
4140:83590,84189,95977,77486,65512,102067,74363,63620,36623,37029
4149:13938,38945,38189,72753,19361,116219,38497,13682,19561,98806
4158:89329,45592,77059,82269,115408,15446,3983,116658,12117,103111
4164:56079,92175,9785,17371,19358,110974,76473,55594,19402,7887
4167:61047,47798,57907,39793,6803,36828,34540,31648,61827,1404
4171:71551,59022,13401,24877,39315,37783,122632,70812,108310,46719
4177:93916,2546,81331,10123,80122,56727,57513,118581,30816,80757
4179:25754,52523,10940,83849,27452,58589,47050,74354,101291,16329
4184:101773,88713,58292,47771,29022,27486,35409,41214,76565,10250
4190:56753,46941,46898,94029,38137,112790,55741,76855,11566,6488
4209:34911,122160,19854,58109,746,108217,102040,4310,122990,53418
4210:1834,107208,44216,102056,21080,50395,77037,14719,10001,30507
4211:114541,72,39071,83678,100517,3866,114570,111116,39435,47587
4213:38238,12071,116553,92994,25642,24791,35518,108103,65955,88171
4223:20426,105809,17715,23987,35411,3532,38321,102678,88600,58108
4237:103142,94159,76316,67441,100462,9602,16114,88566,91919,52070
4242:58519,51067,70245,44173,17226,80283,85352,90977,72405,31930
4248:43292,47032,93292,77322,61122,26750,76580,92666,13603,96810
4249:85478,17197,66403,1594,20760,32632,118645,78348,54838,8617
4265:26335,94270,20854,103691,108560,53997,46804,9633,5138,40151
4269:112293,73163,101574,68943,39161,43010,102367,82271,93517,2233
4273:20518,38549,13827,87913,90003,66612,13162,24965,51879,24036
4275:116453,29725,97892,108527,120291,85106,30292,87311,57799,100075
4277:54140,32721,64854,17637,6769,38720,27008,69917,47576,101137
4281:5169,122975,26464,69311,55433,23499,43580,3358,99515,66407
4301:115369,43835,55118,82878,23799,62401,1523,79713,98879,71267
4303:91219,17749,95537,53459,35710,61558,68175,57811,69789,20537
4304:107446,97016,80826,67370,82543,8149,45835,68497,85226,64433
4344:62129,95021,24125,73926,104136,104675,93854,94048,106648,122209
4353:88202,20114,43953,53700,103347,26785,94283,97549,72906,118180
4357:85507,51574,98789,103826,95935,12388,69899,42039,14429,29033
4365:3674,14084,96664,40463,43038,114540,41778,113878,4695,110084
4371:39159,80077,27453,37880,46373,120226,45132,44840,49473,100129
4372:101935,103936,109347,9142,83026,73533,97927,79982,8950,45859
4399:84132,67649,84452,117666,91342,37426,61594,31189,75220,119162
4400:11675,19035,120422,113960,5575,69655,65825,108289,47400,32469
4407:32469,23561,104051,32256,50960,618,20355,123144,8217,50093
4424:11696,113213,98481,18605,105394,7890,24393,91933,54623,40678
4426:114465,2240,80477,812,3266,81485,69229,41093,38957,6589
4436:67874,71131,122344,9308,76774,37835,61593,16560,104905,77478
4453:54124,70985,76653,44062,40988,107036,18490,100577,23933,26707
4457:99722,36768,96615,86928,82209,17903,38975,75298,58604,19893
4458:7039,66352,90530,110093,94385,17494,13963,54126,90278,81180
4466:88644,58402,31957,33576,108551,3771,26767,100372,16942,58293
4469:52564,60877,77714,62119,17538,122795,71210,71064,37005,104912
4482:104002,116636,49379,65835,5545,19617,72166,10035,36816,60444
4507:114113,24722,111336,93452,4551,103548,54403,80776,8190,16375
4514:42112,59133,5210,76833,46014,121738,72254,105609,62680,88331
4517:25774,88177,39220,91301,95449,56242,20664,89165,47084,60697
4519:65234,65807,1746,42949,2890,94559,81260,117068,37120,52017
4522:32477,62470,48116,16463,10836,6472,27248,6593,46032,59131
4530:23326,3744,6116,28008,66569,110340,47793,96480,79782,71767
4537:126,108892,47461,6438,23435,7371,115690,68194,62289,9992
4543:65749,114532,32934,97271,104567,56317,89884,20946,12023,659
4562:47820,69878,83898,69241,96171,14724,38120,41804,105306,95060
4578:106422,29657,8431,101470,18383,67123,109548,24986,98526,45652
4588:118498,49878,35857,81610,99688,51549,2093,12300,18155,122668
4618:58217,94369,107921,75399,81965,26730,116324,238,74006,35780
4633:84617,44576,47504,121858,13628,16506,35468,72499,42664,22172
4637:78972,111473,50421,95740,120463,50733,98225,50172,43878,69038
4640:59606,9212,33680,57717,62660,21867,86640,37601,35657,52546
4641:3387,74553,39553,82122,101695,45032,72250,83648,96816,8223
4642:28774,54662,70158,83725,21340,47306,58477,32598,62513,28302
4651:113762,75086,457,49677,117983,40561,58688,82690,70638,55091
4665:44340,13197,115644,58356,56009,113738,7613,50975,81698,24056
4666:45614,21044,123228,12966,1907,86775,41876,72872,88664,89534
4682:66362,83464,60657,72364,4041,30094,39296,111502,89701,100316
4687:113026,108449,49312,44936,79638,96233,2634,122450,69939,118320
4692:27342,354,3481,62035,56106,89140,41611,40113,1284,10272
4696:105405,118036,99490,91944,71743,38667,108523,35572,108386,7957
4702:29279,71796,57031,45619,83689,66279,106132,58587,20289,1755
4730:75495,98561,94904,65713,69701,4443,98915,15457,73509,87459
4736:92453,22158,3015,20072,48752,66939,21236,103941,35690,77385
4745:64923,7193,1031,84379,26850,82829,95480,110403,13407,118935
4749:39513,69180,110972,26549,73958,109972,114368,113406,6809,63853
4751:58251,101994,75395,31123,84822,9021,53590,34734,76031,101284
4760:79759,53759,75963,87179,116350,106598,27783,119071,4970,57823
4762:49546,50559,120420,96046,21116,103543,20374,64062,12600,58864
4767:54278,81026,93177,74613,87681,19203,56742,8361,121399,87297
4774:42145,122114,61933,72852,52988,69026,45545,4014,117781,71144
4779:50884,30043,77873,113637,75351,39776,54614,112542,14310,11114
4788:98242,107604,67085,41897,25390,81859,2339,100803,40530,34516
4789:37024,48226,347,44833,106206,102815,1489,91397,85380,89724
4794:45028,60791,7068,80246,99474,91555,31707,33754,76547,77459
4796:109425,42145,7505,93062,122230,86108,2878,54117,118325,59762
4797:27068,50276,31515,38214,117340,35959,110559,14256,97234,111245
4802:87628,76909,119216,89490,7077,93647,37843,65009,116136,86942
4816:55805,25448,16336,118580,51774,113758,119210,60646,76075,119517
4831:113343,63577,116137,99644,76375,8061,32853,16904,37575,94672
4834:58536,49717,44732,121917,57222,14091,123329,3381,106980,33066
4852:78585,18396,109744,113675,110796,450,73534,93905,31476,100422
4863:62376,72580,33701,59268,110625,61175,60278,19359,55226,119911
4870:105952,22517,93513,74189,118883,2645,54473,13010,8694,23025
4875:88873,6424,39148,9304,88673,61344,12194,109488,80483,45538
4889:24084,76707,36433,86926,35461,86471,52722,19995,7840,114063
4894:91877,87361,85924,7853,115993,85165,119499,91368,82721,13163
4898:83236,71842,106673,70029,87749,97039,44411,35139,35236,81691
4910:37248,46230,18195,32719,28705,40132,46437,4222,108258,94942
4919:73854,67507,10742,46527,109723,98756,116805,311,13591,122308
4926:73609,110996,41385,52161,122475,8102,13645,21159,69092,70365
4934:73192,77019,120091,25642,31920,29283,42196,106237,24611,6518
4935:4079,10638,102351,40621,1271,18017,7479,99317,33098,58293
4944:72123,98270,100625,119855,106151,9454,74397,93162,97147,15626
4946:18283,12527,67403,14768,60259,15321,21235,22605,26152,15549
4949:99938,3609,1490,61271,44437,59244,4670,41220,113838,13915
4951:76187,31916,38810,68149,101700,4008,72202,109071,99709,88906
4956:87950,116913,80161,73175,32072,100461,26187,4812,38019,67924
4961:99062,66598,3303,53253,18509,8923,120520,78536,30186,75873
4984:14443,97960,107836,119334,92547,4128,98272,52042,55823,115439
4986:63712,59526,118947,47109,110180,32975,50644,121507,94830,2378
4991:23897,95841,19980,62437,25954,55563,1465,19103,95451,101890
4992:54445,64434,121042,33544,82847,68356,19813,83845,120629,87283
4998:122692,59004,67929,5486,69717,48221,72116,9368,33775,77003
5001:11140,93735,16648,92467,75736,88287,42633,50029,113542,62647
5002:94391,12052,66512,56747,3849,77296,40687,54770,104935,27039
5006:77112,52446,36250,78921,43276,40568,15066,118966,65643,39604
5007:91224,107083,38852,112646,9314,58411,109596,26434,65447,106586
5011:58977,101516,91187,118841,47271,32519,20180,62151,47054,16751
5015:12007,4663,76485,58610,109376,72677,51502,37832,112272,12506
5018:122853,66331,38720,121113,45148,66334,109547,69390,62990,90477
5031:3136,21921,56176,80517,74535,49432,105956,58236,97406,20826
5039:30653,104085,2354,70239,50287,121772,117406,5041,33455,97154
5040:106855,11324,25768,48877,112134,41803,60454,6455,29743,108701
5047:116090,44248,58140,4091,51243,33223,285,65228,56390,77249
5048:40357,83792,96535,41483,28721,62789,99171,17459,54340,78022
5079:9752,56223,21767,30089,29313,75691,7744,62460,12023,13157
5086:31423,94847,15190,75727,114789,78830,19029,37755,111906,26767
5088:90170,60612,6830,61919,574,114977,16832,14122,85314,7285
5089:39336,100058,50628,7334,5997,90490,97949,73242,123158,53078
5090:103661,6517,10643,108699,32341,72970,38337,13816,103631,26667
5097:108965,86228,73400,21058,12825,53829,108080,1906,21826,6276
5107:11816,90068,46223,27507,19361,113973,117817,40658,115846,80898
5108:63514,45603,109296,49881,69472,63179,84194,37596,61474,33579
5119:99620,96900,7384,27996,45727,28842,13816,82595,93075,113069
5120:32428,13447,7029,10733,12740,113022,38149,122254,32041,3890
5129:8356,99591,107089,69591,71525,90985,7364,100504,24758,84092
5147:68203,50681,105966,92480,123004,99821,78330,118192,34293,119785
5148:44397,19434,8679,50429,94579,50130,122976,43576,8040,44579
5176:16648,95831,62963,5435,24816,86520,71630,95999,28970,116658
5180:101141,42319,97211,62203,25172,1534,22472,849,60797,109411
5188:85501,41672,8645,9429,72941,8699,55582,16358,47308,29990
5202:89405,100594,89549,85918,45242,73095,91567,45582,28253,104400
5207:2551,13429,67568,65669,53519,16269,18285,97631,13319,89049
5208:37262,41161,76242,29326,74721,46261,87945,30813,57383,84266
5214:116632,82726,60118,31804,59522,84098,95038,23565,88381,121741
5217:69492,52469,108782,98902,34639,105109,18981,98471,10685,1518
5247:9367,72856,78014,1011,66285,102698,788,5950,95537,60624
5271:77787,34678,81638,96473,54087,55257,70635,9858,98552,89610
5276:80776,86585,31581,1904,85364,28308,103686,105696,20733,62884
5279:66567,75013,35617,113270,25030,71698,123185,37704,8889,109509
5288:109157,22335,101534,101297,10196,29298,111736,53837,53484,69293
5294:29872,52512,61421,111256,110954,71112,59838,25215,106882,108728
5299:52103,18689,109400,75529,77710,85232,50704,23930,91371,20229
5300:40532,33349,121260,58605,24811,49323,32203,37280,110430,37469
5306:16951,106505,9263,60858,73142,46965,28321,10230,7404,107694
5307:108113,90143,114423,22074,110507,94383,119396,60158,15028,92694
5309:120769,5025,120405,108214,12787,58483,3559,74489,53964,70854
5323:111285,40241,87528,32715,95064,46270,117005,17739,61391,64880
5325:46013,45512,22580,84391,121196,119113,44793,35140,106049,52985
5329:54147,53465,65554,11980,92275,70262,30364,9223,112899,22078
5335:36620,112117,57267,115884,19864,122743,35946,5536,23571,116844
5358:13501,87055,12231,111545,30558,85964,68427,108311,3475,92664
5361:87968,90857,20454,115928,22207,91593,97072,123264,65703,110244
5364:119467,92795,5424,47096,30290,75818,93404,41051,17000,99582
5378:67420,35658,80264,45593,42984,43763,18861,29697,116222,37361
5385:5566,29568,54243,52628,42308,6273,123011,31433,123178,72253
5387:81269,33259,12213,20198,20784,37252,93801,41488,32193,10840
5397:33,80335,32425,51557,61940,23478,2938,68892,47701,115880
5398:51281,87229,20472,6774,4621,67396,33313,22747,62192,17062
5403:113491,78054,73551,96459,4534,77550,13469,52690,123134,67424
5425:52089,110748,87496,50596,6794,52223,86411,45348,93034,98919
5433:114327,105704,1710,10881,26491,96829,61730,64065,66312,7383
5434:68504,83545,42888,47069,31913,76801,108290,25517,8284,107160
5435:41547,5072,40933,62656,36810,51044,115079,31171,62292,55234
5436:89063,50504,103066,86694,102589,18040,116604,103310,83653,109686
5438:117688,119543,93221,55051,39360,60812,103611,43645,88867,109497
5449:52638,52250,62134,16833,73702,97690,11941,90046,13724,96557
5455:98302,114186,83113,87328,46364,47265,96530,103376,71961,107019
5456:42200,9034,21469,110360,82855,56656,57622,8648,34781,23056
5458:12999,105818,68428,576,91655,56176,16207,9663,48339,96907
5462:71438,29589,17177,108865,88715,62145,99354,60320,26598,53205
5472:43402,110917,61949,115485,93363,116319,37042,50397,2576,27297
5474:44638,5659,40842,97346,73583,118348,2207,76804,16010,4999
5477:108451,55844,33227,102057,55200,104774,42804,99871,74141,83567
5478:59254,118124,3393,117263,99041,104204,91724,95870,80416,103982
5479:86648,21475,33486,70831,13016,47773,51102,57367,118122,60820
5480:103746,14480,41447,112729,3820,117543,14833,42196,97127,15658
5499:53666,39745,24896,59456,974,9271,3545,55113,92528,1422
5500:56824,71076,37352,9154,23707,46651,108389,8911,12530,33197
5502:93177,85117,73364,83836,110186,34012,83173,97156,81497,65665
5512:120626,20739,69215,117124,13234,103430,841,51635,13565,116667
5527:67980,37666,41586,6990,4371,55533,8574,43110,84535,33968
5529:35169,73920,40893,73134,23469,114692,85381,42730,92819,41448
5530:80920,36942,60073,83822,28787,109007,46726,116812,117679,73942
5535:25974,32699,10488,118034,17171,52716,116974,49323,50865,122997
5536:29226,43632,64092,17604,90732,57589,84071,38782,106565,18273
5542:51783,21949,90946,62469,3080,65028,61536,85920,30864,1311
5551:19687,27511,9977,56681,41528,1329,1799,91076,90092,14303
5562:94901,68902,46751,18563,25796,94056,78904,84173,11761,11808
5580:1311,51129,42673,120967,4072,41602,43820,32838,112607,43699
5584:24010,67312,36981,43737,44356,46025,58267,36369,23350,95935
5601:104984,57817,38661,76280,77214,68742,81205,82573,59154,122476
5611:80210,79940,79297,47138,105273,40754,27261,45720,46572,1292
5632:19702,110670,77060,39110,112889,59189,109592,62294,33721,18178
5640:108498,120621,30414,9165,22936,121906,86945,1698,30491,73440
5644:62352,2565,76234,87704,64804,122582,72027,62687,78742,15841
5645:58221,53390,71,85657,6990,65276,44497,94556,74464,56349
5656:110250,7988,51480,107231,119768,15663,96945,100381,56229,121515
5666:54815,42911,25726,65609,80557,9047,108583,118003,42941,66216
5683:84151,30288,3307,91329,59613,71904,58453,18051,69161,86579
5691:32780,42282,101224,108765,81847,69423,122109,76992,21379,12570
5696:77491,120879,21354,83273,51008,83291,32947,82791,18382,17433
5702:89620,90575,56015,40612,104327,56270,43450,86817,51028,58764
5707:121431,70322,6054,12759,119839,82513,114129,28498,122093,30713
5717:43780,86291,16376,92606,51154,61221,16175,63036,35741,111700
5718:2468,77273,88456,34763,41620,82198,100224,123149,70463,62573
5721:99614,16578,116678,13696,116063,1989,66574,27641,28241,39995
5722:41078,14367,46145,87898,91088,67789,18140,41155,112730,110952
5741:89287,122021,76130,84113,22266,117058,9337,115872,68238,21175
5765:91450,144,87450,97763,96698,78101,37950,102456,63269,78602
5766:39608,25484,93328,48357,33930,115836,77090,109257,20133,81295
5780:11214,90508,41392,32065,29799,120038,48378,11151,13392,107763
5784:46676,75876,98664,4920,95326,72136,65945,24578,119576,1446
5788:84670,9240,5620,73691,81416,29559,38318,32209,90518,26564
5798:91852,89988,57456,73787,55456,48571,47740,82132,106079,32729
5803:104741,73116,86570,64591,122279,93733,20152,685,42687,117271
5817:81678,5435,6300,34399,8000,50481,82576,87817,79704,57096
5822:107309,36907,99984,33446,62757,39210,1528,100668,119313,51954
5834:40603,111338,98613,73173,44615,19151,108791,43158,45059,101398
5858:70495,57453,27025,50950,99152,28682,95021,57197,61051,104283
5863:75250,115143,121834,34441,8953,18023,104648,95644,121065,110310
5864:120897,35993,8104,88320,58138,61295,75798,60954,73577,68767
5865:6507,73384,96932,5363,94113,54692,69946,43867,26461,94653
5866:41194,104794,67074,13785,101083,114485,42392,46653,119632,122993
5876:119853,8394,70011,18171,105955,61271,31951,4204,66094,40425
5884:11216,98634,727,96941,11227,27223,35925,113011,74660,93469
5890:122905,3351,95641,116700,30366,92596,22421,65657,82396,2229
5891:70658,109112,17944,38851,1574,24960,72702,11481,12959,85146
5892:584,44925,80133,96098,17235,88609,81880,25782,84329,100268
5894:46040,1347,42432,89675,9780,32357,70579,100325,84309,22306
5896:33862,76243,84951,51174,100851,54304,53606,24533,56621,100414
5904:85214,70697,102445,68451,5880,47782,114762,69604,11951,103458
5905:86016,76172,120539,102464,16442,90929,63896,56680,51693,71105
5922:13916,62282,80549,51495,8605,48676,101522,109288,118970,76669
5923:114383,5308,45327,27667,25179,85034,57029,65443,35456,52965
5943:49962,6227,77744,85279,67652,56672,54381,112758,77559,23029
5947:63647,66151,91899,84798,24024,82303,66022,26681,41142,1600
5956:51992,6441,13377,34568,47703,1313,92467,56931,105879,97113
5964:1740,112062,66484,38153,18065,54836,46659,14673,69764,5426
5978:38787,94134,9504,81700,66568,56840,31308,41694,25438,17865
5990:106648,37033,56212,49473,18782,73153,97787,13757,46855,89588
5994:41057,58368,23384,9867,31534,87868,31586,13434,82229,12187
6001:19911,52276,113401,94974,32938,44645,43884,121044,33763,22957
6002:102932,28744,12379,21406,61010,35712,37077,50147,49425,884
6013:45081,119535,60235,98630,114441,33475,56761,59227,122781,59071
6018:47305,39540,65748,4551,101330,106112,8031,68996,43341,29722
6020:98484,75677,84389,72691,84057,97983,78549,19648,1110,66963
6027:26606,33041,91640,100201,97778,122540,56594,61717,4633,83907
6031:117236,113646,57975,5883,84376,56514,34989,13290,84431,41267
6062:114318,116929,37379,101603,48239,83089,87692,106512,38882,83494
6067:108276,44240,30571,21235,88287,88850,47995,90788,94680,30393
6073:95181,70790,98343,106546,56175,54625,75608,63713,3232,87060
6076:25134,29615,113859,43616,24683,70074,1559,37166,120248,79756
6078:80745,98871,120550,79636,8155,58600,54470,65550,91530,110070
6083:60739,103350,90360,85368,16609,44516,107685,15298,74272,41517
6093:12923,37510,13821,53073,108818,8928,54912,96711,95794,105970
6109:87447,61849,51201,72026,26348,16288,18211,74857,92392,25835
6110:9476,114333,81638,58033,36086,72071,105652,87487,12962,64172
6118:8472,12274,90038,78632,92033,24391,22811,49694,28525,109888
6128:15439,71765,71612,34792,33345,58675,93179,52144,96921,57969
6135:119710,115910,119612,85001,24966,36589,109360,111233,84873,35486
6137:88508,104373,39461,28429,45326,19006,80155,42090,77885,78796
6139:105501,31070,23800,9502,78817,118477,65995,57309,104227,56368
6140:43816,13389,6826,34402,13792,89437,48319,15189,113584,89976
6145:63704,72728,46808,73517,52597,71208,97877,54235,99477,4765
6146:94145,14950,113586,95266,2080,27604,8244,31360,80961,35307
6155:12680,104514,37269,52827,40243,87768,30725,57090,5688,64357
6161:40938,41623,38269,13327,46936,27304,47117,30203,57301,50657
6162:73696,17157,55249,28335,29504,46580,13087,36740,104485,63647
6164:54708,49525,58977,47199,117255,111523,110565,64620,122526,5771
6179:52077,54010,3154,89132,102656,90216,76466,13044,8954,44694
6186:78407,93334,40387,25767,69929,27118,96024,56696,12703,72542
6192:10541,10773,54664,55680,73323,106564,15716,16859,68047,11231
6202:101494,32453,100584,96165,122390,4862,37012,90513,31374,121641
6205:67470,67359,48511,71322,59546,113283,81404,112169,63732,34398
6207:114305,77761,45036,110396,121279,77639,72416,56912,18645,27522
6210:15272,107210,70800,116918,36929,331,24176,8238,2828,29206
6219:104566,5457,74309,1549,68028,114362,119274,108276,2483,26188
6228:98239,18589,52815,45640,71067,117079,77033,35634,94549,118136
6270:33201,32869,81269,87979,109137,74902,26850,37835,22464,101327
6271:99218,45308,120306,105558,98687,43553,29779,9153,104931,74497
6274:80006,58661,115709,82103,69354,1892,55497,81440,22775,76210
6283:86675,102183,91869,52232,88684,46773,111540,121551,60870,8673
6290:51562,28958,112033,74783,103246,26089,34139,34,16056,76898
6292:122896,43804,35610,27120,54479,46209,34587,92311,107344,45011
6298:83602,6788,89392,48594,4656,58444,26250,112622,35129,2652
6301:47179,49033,16717,27268,49340,104969,62699,85702,19573,51211
6312:40921,72959,47848,81962,70844,123215,100370,801,51659,19700
6331:100222,30382,48126,97687,41190,76206,15564,37985,60653,91740
6336:28096,89972,2434,118608,94390,109490,74434,7024,6269,25661
6338:119035,122878,122435,63579,10138,104795,81821,68101,80571,55982
6345:14036,9916,59449,45397,100302,6868,85944,12383,33729,94552
6351:104183,9649,15195,94880,34405,61019,102582,81113,42762,54926
6357:1729,63666,76621,28187,86869,45220,121508,61755,49229,52832
6371:94261,121860,70295,101216,62270,82331,81130,55852,107163,70484
6391:102976,16456,42785,56054,17721,57674,76944,72929,9102,14259
6392:68613,59190,1981,96329,97370,58344,48690,42225,36422,117378
6395:88478,43734,11123,43290,9511,22987,31836,75360,113756,100913
6404:83015,87595,47802,12479,33121,51275,61701,86051,119292,86899
6407:27682,52782,84517,36916,108817,68133,28144,101243,14079,87687
6413:41097,29283,5006,89810,93888,99969,112675,116484,117931,88120
6420:600,27464,19743,68877,100060,95862,35704,61429,13460,52478
6450:99028,73664,14961,74577,6310,106911,5510,89344,88179,30019
6457:25465,121726,99192,27661,20613,76943,118903,1776,43563,69647
6469:89831,91177,90635,122334,114196,50738,21862,74896,11807,122650
6475:108618,9384,36651,43426,14277,55557,66170,52578,74263,25973
6520:64065,66468,86255,15171,51276,107244,35239,113862,46582,122392
6536:44536,100706,47877,2675,11478,24579,33639,112104,42917,43393
6543:111660,28377,22774,4834,14013,97581,9287,10609,52697,50076
6555:113705,50034,51919,116018,27724,38218,50990,20842,16844,83471
6565:22076,89263,31471,448,44812,6226,60218,41711,11597,40249
6568:113670,97706,16547,109091,79284,87809,111441,41473,94687,81799
6569:108662,20311,90898,119168,91711,40816,19569,18137,52252,56307
6587:119327,14284,7419,63979,62144,90774,80322,34279,87085,101599
6593:111208,54019,73431,80342,84523,40508,116689,87645,35010,48665
6594:86319,35827,122470,123011,16953,108994,87423,16279,97740,13001
6597:5452,47268,36403,122175,113187,91691,72990,73109,109286,54918
6600:31016,93467,9181,66626,114155,79173,38864,34872,11271,94538
6601:120804,120428,59233,68192,54136,74388,29892,95234,75040,4552
6602:91041,40426,53177,107957,24615,22127,97190,12628,77699,66818
6603:11281,37187,40549,77235,37783,62921,97735,14858,51246,23157
6641:22791,106375,60247,11749,12423,29868,46020,105951,17283,89486
6642:107431,13014,49562,80638,44227,12610,5429,114533,122244,28637
6655:2608,53063,740,95368,100234,98766,96335,118782,111951,55660
6658:119430,24913,93372,37934,120445,6283,88071,30298,60607,43321
6671:72786,53092,94189,42511,122858,50010,102336,26288,63327,11831
6676:77764,79167,48445,78003,20170,103160,81003,54854,86570,8406
6682:21585,72795,42513,67867,81427,29048,54830,105325,95745,26917
6694:16628,102592,46374,108375,45689,92993,57066,5971,84441,66021
6698:34828,83923,37253,102579,43709,119183,112828,55906,68616,61752
6723:24174,5386,1893,90869,64881,52578,36994,544,36474,85413
6724:70527,35537,50680,37565,67738,67124,19426,28034,52042,48154
6725:6783,5565,76605,34626,34827,45707,32804,74295,50792,27876
6728:34451,98320,116720,54885,83963,111846,33958,42243,108706,75797
6735:80352,34418,23762,59976,40614,26082,49802,54883,114211,50674
6736:7042,75348,21932,89485,85009,38956,100982,35211,66855,116779
6737:61046,89498,99096,70849,30320,41012,11564,117368,41083,15022
6749:37660,98578,70623,11105,89240,68699,120309,99701,83116,812
6755:81306,11703,66635,4624,79682,28938,31824,81300,10674,107908
6773:47375,66524,25703,100532,25332,38391,42506,109531,44532,11636
6792:84748,89465,118521,101422,89138,25512,12602,16469,119408,9235
6793:65824,31897,2485,76489,92472,75340,32913,35173,72952,15528
6843:109445,11195,32321,26148,1357,47961,43401,23152,20267,28083
6851:711,28751,65423,75257,66030,99118,112137,107379,28676,10834
6881:115759,65599,87146,89076,94391,79023,40999,106642,25622,108489
6883:77134,77339,71453,60412,76488,56199,15807,81714,79537,23965
6886:2079,116215,88620,55507,120737,44337,98440,100628,102694,101591
6889:25103,69153,12598,88114,76826,63598,76082,27062,63017,18592
6894:40109,60078,48821,19328,48113,55141,112271,43305,26619,89295
6895:102716,117426,96346,106208,38417,11549,36777,100674,59033,105795
6898:24882,66948,17738,53009,3121,41777,24962,1565,50053,11392
6903:30460,22293,58520,63596,2099,22078,72904,83458,58684,122400
6932:95731,84520,113581,119809,78514,121694,47477,37378,36638,102659
6933:6858,22409,106157,15443,38127,96096,9036,11126,30241,32134
6935:106896,122275,66165,100229,8059,17495,87671,121211,95745,40926
6939:96013,33545,106536,83721,61896,7954,68529,36179,71132,24019
6948:13826,108887,122227,37727,48005,31407,6452,122601,84962,42068
6950:37107,61843,80152,70547,69545,94909,13359,53901,116439,59680
6958:27895,53484,42619,58994,101847,53124,53942,34860,65349,45429
6960:105988,5134,44550,10691,8912,75588,23666,72163,110690,76717
6966:81843,42412,102095,9688,74469,50706,71642,102674,87566,1333
6977:14979,29993,91394,49874,97100,86432,10841,37011,114797,65214
6982:1610,28591,88997,9181,102025,114310,42822,117109,29407,119109
6983:116414,7622,8406,72337,9922,44630,27841,71792,118084,80461
6984:30404,68110,35435,23161,64896,49601,103364,5228,77502,29027
6992:17513,63224,56354,54851,84305,51137,45331,12630,119735,19007
7005:29988,63712,2942,2853,38063,114744,26473,42712,39716,63255
7019:80478,80502,35638,75694,41642,50809,67675,48861,55663,59719
7027:50787,112162,123069,92885,50138,76458,119664,77783,123146,74520
7034:30945,54742,60298,17721,71326,51605,69246,95640,9283,34488
7035:15825,100621,18332,91120,29690,45283,65591,32560,16768,77542
7036:117974,117468,76610,91517,69074,56195,6937,77505,102658,88415
7044:23587,118442,77794,105396,9223,86152,113565,14488,72680,38308
7053:66711,56443,41611,22064,15287,44478,117829,3570,75065,39924
7059:82474,69470,101051,46085,40049,70987,19819,85679,70799,42834
7069:25197,44363,91953,13038,66036,76019,26020,29195,56547,24182
7077:5999,80094,39826,73691,54251,120339,89583,117930,20084,107194
7096:85820,8927,84271,5483,17185,66733,108374,3788,92926,62821
7112:117282,103681,22846,12124,36228,26468,87399,108644,109655,74912
7116:9281,115254,5503,118582,35819,108996,67825,93988,11174,39631
7118:9362,100642,97695,92965,39768,59209,22049,110730,92099,59495
7133:19283,89542,56479,98858,104491,104269,26858,89432,46374,97553
7137:117638,28979,65483,32554,45232,89939,92760,24104,70531,56661
7140:82218,48925,105101,62926,76644,93242,97339,25759,119010,95834
7159:87336,59314,72318,35222,8387,24211,44214,76375,79437,108255
7173:119610,78106,58288,123021,35446,15479,87087,88795,114275,66438
7178:46538,8754,86468,53516,83803,88920,116791,16612,18261,114499
7183:26645,35050,19653,64561,99243,89909,40570,50870,79276,93268
7184:19571,70498,82876,112097,61328,20084,46495,27620,86822,17772
7188:20300,58160,116411,109760,103854,82515,15179,104244,70320,13420
7192:20497,27050,104705,966,83238,111523,93875,98730,86814,8314
7196:72048,24886,68601,91494,120829,118188,13187,79489,56262,16142
7203:64990,15378,111450,23897,66086,81723,20771,93558,50366,13056
7214:38212,100343,34050,95471,24518,80559,63977,80392,22705,78961
7224:83127,94035,36638,69821,14485,94711,15381,93489,58671,67655
7225:106355,8386,26757,76831,9722,16577,41130,48071,42550,70947
7230:43983,116385,13878,165,118941,78832,34897,92563,34244,102081
7232:7849,2692,50115,88555,120755,14170,29014,121216,120033,37346
7239:79443,113572,121252,122422,101814,39129,66777,78331,51603,69863
7242:509,6557,71750,47438,97462,57323,92286,68515,108392,37597
7254:58387,55012,72672,32728,110204,47420,117489,64911,40191,68062
7268:49249,54280,48901,39841,109051,274,19963,114506,42360,71056
7291:26191,20563,62043,26187,113928,28966,105601,116940,37329,111232
7294:45013,81899,31724,67601,53432,76202,60148,33103,117578,25371
7299:91406,31674,94464,62776,88639,109620,28052,113165,71890,46764
7303:74994,92198,82094,1862,94302,9450,27684,51606,36236,38548
7326:70359,7489,23406,93893,107005,16175,118911,95190,29225,106308
7340:112037,95548,104991,56776,57579,94728,70965,121705,84691,120274
7346:91401,41100,59285,73745,3615,53146,101815,77478,78486,39717
7348:82781,23207,20988,11092,7337,80286,90178,78343,27001,69477
7351:116763,92095,121117,73131,86866,63721,43082,35278,2053,102837
7356:104147,80736,60856,40509,82498,46698,113893,98197,114448,45550
7366:40432,9081,71200,119097,5389,87835,13918,72943,13844,5884
7367:36824,28028,62316,31779,6301,59888,697,70761,92743,28470
7383:58415,17201,109220,13028,79816,108865,63858,14055,114681,57161
7397:96334,27822,66715,72554,21471,61877,102774,111982,27680,54449
7410:84387,28868,70621,36467,20730,38956,76342,50539,108405,87310
7414:49993,24018,22554,118693,109020,96539,94284,114334,15834,54451
7419:62547,19304,22911,75920,42815,23141,38046,118171,57119,92301
7429:114933,102736,909,82456,8757,78358,75543,35918,62458,33052
7433:34304,3842,11249,81429,44648,65126,87696,94285,58474,17169
7444:6882,41196,97742,34079,383,15278,95577,53844,93953,49567
7451:33748,45352,71820,41522,25095,117034,49879,104744,15337,105177
7461:91368,7323,91852,21076,50152,83714,27845,43193,41624,75513
7466:76257,29445,13546,97120,11788,14565,119656,66491,91588,62082
7467:26141,23399,14385,97954,83218,75053,42644,4031,24050,29085
7488:19361,79701,2786,83879,55287,87739,8294,48445,20079,67757
7489:98163,87639,118489,79707,117030,43986,39227,6368,59506,70354
7517:118572,81066,97489,42913,107043,17450,70137,41155,111382,64304
7518:58766,91596,103035,32044,54327,38974,73524,82987,4126,104425
7519:5542,109948,48752,119520,82243,101281,122751,37488,74728,76590
7527:15442,46221,6648,35629,88162,117904,45734,69853,70474,101701
7542:111707,114987,77951,55446,13655,117658,76063,11534,42454,52043
7555:69771,5838,122455,48873,89390,45193,122681,26698,44821,69168
7556:96937,18285,2392,91990,94605,56001,106387,108065,25022,25405
7558:35530,92021,83262,42988,102150,90927,9275,70769,37470,5685
7563:96855,37100,17296,20970,116957,16131,107777,81359,62271,11446
7572:112771,9834,7370,84148,75025,11615,31905,34909,12446,8714
7586:43948,35285,25502,27650,18611,54143,59176,104145,59870,40810
7590:21592,81803,108506,102702,2223,9472,78208,67350,55027,82182
7603:80964,93732,4702,90860,75967,79162,58284,99102,113658,41623
7605:6209,90764,25343,47337,120823,5792,51612,44027,106318,115190
7607:89955,3518,76701,85919,115488,98145,51355,101696,115443,36337
7608:91230,117319,50716,84423,10341,85038,79964,119734,15929,112227
7612:84721,26849,62100,106467,1568,102126,85502,118415,8905,63941
7617:28301,897,59011,30691,32221,100677,33753,56160,83582,71051
7637:104885,490,112822,43916,296,1032,31483,52761,57422,4628
7657:19630,99867,107221,7410,91228,25495,114259,8347,47019,59926
7661:6826,91261,40830,79699,98167,75117,27270,53535,111281,17143
7678:105505,91132,10129,59863,85831,74224,48273,54979,29855,57787
7682:78297,66867,16595,120976,8351,114178,9508,71633,46491,36987
7692:12660,63625,90686,92910,114773,64262,72615,57419,74274,60405
7699:84637,32755,97674,42619,54308,87063,92216,86333,97559,69663
7707:37501,90974,85206,88170,56622,60817,90066,53185,12032,95337
7708:122605,101774,41435,87438,75800,1776,26638,34650,25418,26997
7713:6300,92598,6260,14113,6041,106719,72789,61306,38824,15017
7734:47243,16256,18004,14132,68599,57748,76960,89042,50826,75232
7741:110580,79939,79382,45816,57807,63933,93171,21755,106005,92861
7742:38606,121761,116409,26741,33057,74620,82404,62939,42495,59000
7743:52293,55497,98982,72641,115670,74198,3729,33287,42198,43456
7751:20422,121864,24031,38078,45797,113297,93753,10358,35776,114189
7760:94859,33956,87467,94694,54479,104201,87891,107144,20391,23237
7766:81625,114730,91959,3173,32565,62369,110476,76897,9484,57287
7787:83444,120581,104065,96700,56688,8655,1888,101610,43088,20135
7813:98433,40404,67426,19988,77625,71337,36072,27423,98017,24876
7818:27781,565,107563,448,19583,20344,40275,91799,67551,51972
7823:28329,62074,33935,39795,3712,89058,57373,49919,3818,31794
7825:81944,26427,63942,81973,60295,29898,88898,51985,119845,62936
7833:79777,3191,1560,7751,90554,56614,56493,55528,61974,78517
7841:64206,82822,4863,18984,121351,62969,50417,52767,4626,91153
7844:50407,98350,34160,42697,56788,44996,83228,28621,94143,45688
7850:82280,72991,39109,49555,111935,101028,16175,82861,3672,66921
7863:75642,52276,22466,26296,79108,23912,97045,50872,31575,79053
7869:111039,72689,47576,16819,98319,90,91881,59917,92586,104047
7888:114515,120191,15456,119204,120843,28346,62670,50076,92233,113107
7889:70592,24677,114931,116963,43389,43525,49247,119740,103469,69923
7894:88323,105978,96481,56446,893,109277,66178,33688,83308,109462
7903:52934,29647,98716,108412,100208,72583,14823,293,28045,24486
7915:19266,43263,106241,29969,89477,73603,69618,83831,31400,88947
7921:114899,29293,13344,39875,28688,19946,24069,38043,66087,96743
7945:11968,73392,103408,33065,14514,50734,101897,18690,65457,27854
7946:62499,109097,18628,14607,6061,96249,103887,116231,61916,103762
7949:82455,86092,695,29113,25732,105593,38524,98606,76804,16773
7951:13530,118680,107999,111100,61963,92862,31395,15869,102021,47230
7958:31464,30953,10771,70417,95655,97268,68789,16516,40785,48921
7962:99825,7525,121710,57785,102092,71782,45538,53246,10511,54815
7964:118418,82095,75290,108426,24721,46682,37010,99770,35848,112200
7967:8084,118831,15827,71777,77581,84307,2698,53000,49120,31752
7969:40597,10346,72436,93140,32468,22436,74721,63958,49,7549
7975:39251,54936,8907,4844,56110,48577,98323,35149,96629,38145
7976:94591,8682,50334,10061,45511,43997,36001,49222,67787,19125
7977:2835,42884,114806,36220,60619,41224,47234,9223,88332,33756
7981:62122,79299,92060,109236,10285,86273,58985,73542,58035,57644
7990:98714,93416,1508,101508,25101,116507,20055,72940,37371,121325
8002:96205,52040,55885,27187,116985,6499,28843,3678,109383,81088
8008:52019,14916,38604,98565,88860,88066,91494,10195,21608,38624
8009:30759,65943,34075,61746,61169,35857,23014,5180,7779,97794
8023:93820,119921,46129,69770,45098,41662,27028,107028,54546,48398
8032:117015,9897,70968,103401,36607,2286,6080,85976,114758,91149
8036:9986,23326,73087,98802,111551,103406,86269,41764,31739,40298
8054:56257,71952,27623,16703,37647,87071,90316,79360,15795,109826
8065:61702,71761,103722,71983,96728,36679,16152,52302,31905,8039
8068:122473,119402,71782,122344,96572,100326,49162,47617,101096,26871
8069:43042,15034,10065,78510,80092,57501,45405,22140,18953,115333
8081:62670,82593,1976,16554,115244,88586,11721,26661,26917,118389
8090:110590,45,19151,74810,8265,65885,60099,13705,21130,115519
8097:37117,56301,69151,67019,21069,79719,60735,23993,103098,20358
8103:97894,36576,81753,23723,12794,87203,83994,99387,82840,24801
8104:28645,78079,31795,55639,98494,15326,110600,15266,77404,25066
8130:76382,67823,98353,73209,94371,114430,88604,48027,80600,95688
8134:89579,5654,78723,7048,76330,101896,111234,7157,114808,84109
8137:62448,74161,122423,117093,16938,93222,102391,106625,8705,117730
8141:62065,21487,85097,122578,45724,93084,20143,79963,1683,59009
8144:2080,66090,18635,50551,52713,114969,13998,72559,71326,356
8150:61179,22271,21259,19673,87649,111205,55219,32783,115799,83921
8159:10680,7126,50937,2269,18989,45498,99245,55082,48888,79135
8161:82928,113732,90232,89125,103868,90048,35690,15034,41433,13217
8163:39984,103778,112703,45574,74749,37911,86128,51030,6052,93913
8184:8917,50013,4642,39305,44601,79735,5989,107568,8592,55400
8186:113938,6646,64940,121372,48312,111475,52092,106346,34793,29957
8200:50080,13265,105653,121563,89006,47031,91152,68061,48409,80384
8206:6652,40320,69547,33827,79871,119109,38281,52198,35039,53651
8217:53033,65256,6368,26317,25067,52629,20173,61904,34348,8512
8224:30954,56945,99342,42393,122200,35331,16701,78425,26930,38796
8225:8392,103395,34695,6406,16670,113035,79246,91099,8194,97568
8227:17166,20599,66919,61690,43378,35794,22812,116306,89613,52218
8229:122933,17896,49327,57712,111305,69996,65625,59977,88093,64260
8245:100505,104389,111840,11249,10450,95459,111428,47338,47430,3986
8263:59131,103210,78298,90917,5424,91074,79306,112594,64853,53998
8264:15306,87573,83489,80861,66064,119935,42757,61646,64168,12522
8270:58827,53577,57674,86155,94425,63841,2633,70046,103302,92313
8276:64902,67310,30142,123063,14847,24991,94045,116018,117414,86182
8285:102258,109118,18204,96346,42630,120399,33395,112851,121726,111182
8286:35715,10679,78564,88147,54855,44093,32761,115123,87596,7074
8287:22163,47182,102599,118999,2055,21478,17527,112986,13258,40404
8290:91958,53917,68951,86537,56032,66236,115044,66750,8345,47909
8310:29401,85739,53071,8875,21578,84732,105055,62573,8941,113281
8314:56087,54232,16124,58652,1485,55941,76237,103373,73868,104131
8325:114858,58423,22372,42026,115325,3693,107403,1835,108705,1150
8326:64752,48380,4435,115772,71250,8068,46995,95840,122602,7519
8334:31537,9884,117202,23795,68621,31423,67806,15455,45659,45461
8336:102345,43156,14284,102487,71520,103113,90919,96470,80646,33792
8343:91218,12681,38483,91494,106799,95404,101175,9324,51672,24101
8347:85878,14854,74250,55185,90404,12691,102324,24178,123028,64940
8352:26660,55719,18668,30998,105492,33738,39800,89801,58981,80088
8368:39690,11582,120262,111983,48180,26383,71828,34668,20372,39065
8380:14568,72036,23531,92656,30637,41768,93285,70930,95772,22622
8396:120047,20130,89973,4304,119184,119362,120325,62440,24788,11924
8401:70303,75641,52993,318,20340,91429,121487,92893,69990,54789
8406:118746,24266,34081,120075,89143,101883,58519,86407,4130,72352
8411:36348,61099,88287,5689,69337,106928,108138,110363,68072,88266
8413:5996,37801,115152,116432,118442,47268,107543,111465,51463,21710
8435:30181,37536,100479,57201,92259,63284,90197,79455,74354,9282
8449:45770,5681,100731,84609,99031,51418,85891,106201,104490,98308
8450:82891,59881,48434,122350,18057,48876,92387,41149,112150,71879
8476:70241,17424,109381,38252,30287,59754,95537,23962,30429,60320
8477:14299,36334,66613,67400,115880,24039,23642,35844,23463,43514
8491:122348,11359,28916,109586,12536,213,100732,34755,94489,52218
8499:13273,49735,12014,117144,94436,54210,55359,5573,27747,27096
8500:51690,67148,52259,36831,123062,77747,67479,50110,111824,61594
8510:92916,116112,50051,82063,115588,95635,43491,32990,682,67797
8513:49410,92519,91401,59961,110692,59497,101501,83909,8456,29155
8517:90108,35556,91050,55200,63724,28077,62378,115709,58047,101278
8530:3041,63031,80947,94597,39242,16841,25318,20835,99673,51413
8531:116781,83787,67582,122188,28032,40084,65787,37618,44984,60363
8534:123101,22080,114927,39906,80785,71395,24042,114121,96854,44849
8536:29445,89396,48034,66452,58911,1877,5101,82137,52522,113485
8537:18289,118878,67703,78433,88062,28189,97780,81502,13716,19527
8552:33566,74063,78415,28272,68603,116102,9793,39559,56237,36780
8569:26947,25172,104370,83412,55913,62518,94551,9460,118187,98223
8578:15574,52777,71748,41747,11029,54608,87717,95131,86166,98663
8581:116541,77721,44391,26070,96505,114837,11145,114794,58216,60638
8582:66345,7514,61661,54080,84040,69788,69003,73700,52647,118040
8600:82885,72565,96255,1099,111864,89726,35767,85296,48018,23471
8603:10926,106197,36052,73048,98268,45855,64829,24635,76800,19906
8635:35446,42593,81583,48066,73359,8922,66124,65808,57102,11796
8636:121308,117730,104220,105647,33219,55368,74242,56064,108551,70144
8637:109023,34624,24166,55606,58858,17030,18728,81364,77214,97952
8644:57873,83594,39222,29245,90959,101129,40439,50800,19466,70249
8651:63906,9474,117380,25838,42705,97387,9886,15448,77455,37023
8660:99780,75638,77010,39531,110781,58146,36483,89424,36897,64600
8670:112043,111032,1233,55059,98599,93785,25364,45777,26244,1807
8681:83589,99418,107710,54148,48101,12366,74728,42845,70872,50833
8692:56495,63060,84744,61475,81026,34681,31154,97753,8077,122619
8711:105884,75294,49901,103132,70912,41873,107677,73616,91024,9473
8717:4050,79233,9730,117906,74676,52416,18872,7609,22832,38483
8718:6018,105035,51711,110804,78039,67365,92791,10709,16906,107629
8719:121297,19021,54727,94574,46770,60955,106157,71996,73773,59302
8735:49157,8311,53374,86072,58675,42323,43061,58639,17027,47532
8736:51481,55833,1880,91188,120909,43995,13605,69975,95006,72582
8746:46310,86425,88672,116488,69253,59853,22230,93348,103132,1483
8747:14999,31668,36481,21887,61103,2527,62466,21510,78252,110906
8755:123183,50207,68828,23068,17159,18906,6368,44800,42244,9570
8760:23478,54915,63600,75740,75688,89762,89605,21654,49695,54716
8765:63130,103331,96867,76355,19181,107024,103864,121992,113966,99089
8768:28388,59869,57871,79714,121594,1595,65921,21343,57530,99071
8771:78645,8998,85935,36520,85532,37953,52372,116497,114155,72282
8774:52471,32568,94796,107551,94895,74048,74437,49401,69189,31773
8782:34306,88443,58371,93922,23641,120253,53814,85142,32178,110337
8788:92623,105086,69874,60836,111851,3506,69923,46010,54769,45894
8789:97402,58590,60795,92707,99516,35396,68919,122172,66195,82688
8790:98389,52047,85590,28201,90183,17368,88199,109386,80437,6312
8802:389,42382,42617,113981,74920,107124,34269,71288,77996,44482
8810:118877,67466,121369,7497,78321,49055,29731,122291,117190,55170
8812:31212,101128,78205,96050,36041,1567,81802,84676,61710,105917
8822:90217,29700,35020,65796,60660,16694,40597,70053,13949,16317
8825:23747,20720,19926,59099,110373,76827,110278,107551,33074,66908
8844:11296,67850,43465,53570,83438,64661,4334,67077,120265,90301
8850:37214,10511,34608,3152,9551,48301,96908,54191,3436,98006
8852:28128,81919,14468,53455,90627,9301,116580,38250,122375,66639
8862:74263,19682,48282,76279,19612,69944,46635,80721,19839,11509
8863:113110,64899,52153,18276,54085,37493,107682,19632,87132,24837
8868:65246,81819,78251,122713,66678,111507,10143,27515,64722,634
8870:48548,99383,109612,62510,306,57477,59274,16063,36700,91679
8872:110876,67191,113875,83562,18678,36238,94949,15388,5256,185
8877:2316,121585,30144,106709,1818,106421,53592,105971,99859,16848
8889:54568,67409,6733,79927,65686,89054,108145,108535,59844,23859
8890:46839,37291,28638,118738,30638,96127,121054,40810,45833,104536
8900:25254,109871,94519,77895,79588,75549,80068,88333,35016,91905
8906:118523,92891,65296,37855,67338,120017,120949,31474,120510,24641
8912:98962,50679,17790,114624,96394,109226,94820,47555,47531,51176
8913:63889,113124,91352,107771,88185,75329,25692,31643,80720,18823
8915:46653,55574,114175,55958,58152,35954,27098,100972,19299,3383
8916:77656,57839,102804,87617,111824,105583,70187,35767,26694,37350
8920:13439,38651,31066,56312,39377,87190,79184,118460,28576,63623
8924:26662,14015,22976,89665,109220,15677,328,86400,38513,55662
8931:71120,38404,116048,75563,49773,113263,21031,119144,35455,71075
8935:83763,76979,117842,83851,21649,121035,65935,116616,44879,75373
8936:34185,73041,41433,115609,48718,26992,22645,63763,89340,54030
8958:33810,95302,93232,23175,23180,80161,122464,71246,5032,66295
8984:114059,43553,14826,26477,14712,29593,16606,112952,5927,122453
9000:89085,62898,62481,71219,107847,63578,74368,68102,56808,80641
9001:30770,35895,117039,110487,22539,81289,90957,55153,17726,61130
9013:75599,48228,11786,96184,23033,83633,71213,97295,80572,64202
9024:3913,59791,79883,52378,45372,97509,9773,23728,58685,95159
9079:112417,74097,71671,46402,15170,92787,75801,55730,56693,26514
9085:96585,6752,84428,107004,72607,2682,31816,37716,77059,118377
9096:46301,894,73183,62747,8566,76686,36642,56488,85891,15005
9098:42033,12456,60020,116345,71449,7162,5742,122946,11881,66448
9106:37764,101895,106420,91395,122168,11148,123025,61968,16482,51405
9111:45806,54341,1765,85485,36485,45676,53301,48304,116384,23365
9122:56535,51868,27183,1717,33356,8230,47015,8238,23465,77219
9128:95239,57408,85927,59120,48022,7085,6678,41743,94947,81903
9135:46552,106801,23684,109474,20098,86693,42962,109288,7449,73174
9141:59936,92632,90337,80736,98251,32835,2890,116160,65955,22892
9152:41770,56724,86238,58400,106857,103261,104068,44172,29758,31207
9155:93163,59403,95565,94304,117646,67079,107645,59154,64728,78542
9157:53232,112238,63424,114781,55993,118708,47475,82611,108948,10822
9158:82425,8879,75973,67317,76722,111075,57419,88687,44453,10840
9159:72844,3244,34220,26820,3859,73946,74343,90345,22802,122771
9160:95975,55433,11281,43412,28706,121266,77132,2037,61906,5382
9161:122324,103890,99435,91864,92618,12016,36041,6488,69034,59028
9171:3694,23608,28451,6085,13930,108093,22606,11769,92020,20758
9173:94855,38333,11519,77825,6322,86952,34516,102408,114447,116548
9200:31515,120337,7858,91844,12487,20740,65283,70664,24702,24336
9224:4974,69352,46586,19080,33019,98552,115931,45313,92989,62182
9225:86383,120639,96732,110354,100466,110797,61491,81992,118058,63267
9233:19218,48785,120160,3498,46223,41858,5276,5261,107314,30092
9236:61878,64089,39323,108523,23629,24085,89980,60086,13118,68447
9237:115963,81525,53303,88475,111606,78295,41308,76446,46516,64178
9238:47474,60734,94062,73812,67985,57727,10319,105777,21437,11499
9245:64192,104365,34735,95805,116983,99362,35394,12895,70603,90780
9249:30203,33692,112941,10425,43194,72169,18409,108675,92733,63325
9256:15046,108149,50539,50670,34825,83334,103775,91415,35868,31662
9276:54278,87598,98433,31738,122662,63891,99283,58216,99641,121856
9288:67882,115285,295,3321,3810,110607,88961,79718,107113,111955
9290:27113,102209,6026,80158,44053,52336,49435,43898,3393,18089
9291:5604,66079,55113,15236,20384,112551,51978,72655,10893,37379
9310:57925,22334,40173,15561,121017,28455,26237,79447,60197,78045
9312:40753,103538,107063,117013,38480,92301,84873,64560,118266,34686
9313:1060,90030,60004,24820,112353,109479,120150,13532,31448,11318
9331:113620,17544,16752,53752,19122,107855,111523,86858,59836,52046
9333:83570,78761,48343,49466,8764,50019,86063,34796,117867,14386
9350:117534,25297,109038,58885,77024,86604,68090,91144,49700,87346
9357:35673,123166,49658,103027,24979,98032,106526,88630,104483,91493
9359:49572,85782,17162,121625,34686,78126,90769,91423,118972,16245
9364:2690,4975,29850,64768,116761,79318,115071,28753,1723,83530
9368:56268,96561,7508,115872,23094,4272,110972,45616,44430,21418
9369:38774,2859,114890,64053,77106,100192,81858,102311,1407,116246
9371:48717,21467,45504,84265,71486,111874,77735,102128,45637,72176
9381:51870,29836,67327,74705,31865,30268,7244,22767,57801,26140
9389:1129,94146,78939,109115,26603,5103,30230,44336,82019,5422
9394:16518,88377,121864,85986,55360,113067,7625,3292,61358,37864
9400:57792,111173,78776,78081,121872,111288,30517,23191,50629,17285
9402:93715,89266,31178,31795,43182,40865,76095,116090,15528,111303
9420:25717,78250,66654,120625,14565,118641,54966,82328,105379,3979
9431:62318,60353,21206,5577,53342,18600,104329,34042,64447,39641
9432:90771,60826,30797,94434,96,13289,47111,73254,16355,111430
9433:98414,7275,69086,105350,117024,79503,1362,75002,12546,46832
